Tutorials/Exoplane_Table
# %ECSV 0.9
# ---
# datatype:
# - {name: pl_name, datatype: object}
# - {name: hostname, datatype: object}
# - {name: pl_orbsmax, datatype: float64}
# - {name: pl_orbeccen, datatype: float64}
# - {name: pl_orbincl, datatype: float64}
# - {name: pl_bmasse, datatype: float64}
# - {name: pl_rade, datatype: float64}
# - {name: pl_eqt, datatype: float64}
# - {name: ra, datatype: float64}
# - {name: dec, datatype: float64}
# - {name: sy_dist, datatype: float64}
# - {name: st_spectype, datatype: object}
# - {name: st_mass, datatype: float64}
# - {name: st_teff, datatype: float64}
# - {name: st_rad, datatype: float64}
# - {name: st_logg, datatype: float64}
# - {name: st_lum, datatype: float64}
# - {name: st_age, datatype: float64}
# - {name: st_vsin, datatype: float64}
# - {name: st_radv, datatype: float64}
# - {name: st_met, datatype: float64}
# - {name: sy_plx, datatype: float64}
# - {name: sy_bmag, datatype: float64}
# - {name: sy_vmag, datatype: float64}
# - {name: sy_rmag, datatype: float64}
# - {name: sy_icmag, datatype: float64}
# - {name: sy_jmag, datatype: float64}
# - {name: sy_hmag, datatype: float64}
# - {name: sy_kmag, datatype: float64}
# - {name: discoverymethod, datatype: object}
# meta: !!omap
# - {isPSCOMPPARS: true}
# schema: astropy-2.0
pl_name hostname pl_orbsmax pl_orbeccen pl_orbincl pl_bmasse pl_rade pl_eqt ra dec sy_dist st_spectype st_mass st_teff st_rad st_logg st_lum st_age st_vsin st_radv st_met sy_plx sy_bmag sy_vmag sy_rmag sy_icmag sy_jmag sy_hmag sy_kmag discoverymethod
[from data line 570]
"TOI-1266 c" TOI-1266 0.1058 0.04 89.3 2.2 1.56 344.0 197.9965833 65.8336973 36.0118 M3 0.45 3600.0 0.42 4.85 -1.533 "" "" -41.88 -0.5 27.7397 14.578 12.941 12.5842 "" 9.706 9.065 8.84 Transit
"TOI-421 b" TOI-421 0.056 0.163 85.68 7.17 2.68 981.4 81.8532824 -14.2767404 74.7969 "G9 V" 0.85 5325.0 0.87 4.49 -0.268 9.4 1.8 79.54 -0.02 13.3407 10.735 9.931 "" "" 8.547 8.219 8.071 Transit
"TOI-421 c" TOI-421 0.1189 0.152 88.353 16.42 5.09 673.6 81.8532824 -14.2767404 74.7969 "G9 V" 0.85 5325.0 0.87 4.49 -0.268 9.4 1.8 79.54 -0.02 13.3407 10.735 9.931 "" "" 8.547 8.219 8.071 Transit
"NGTS-12 b" NGTS-12 0.0757 0.0 88.9 66.10864 11.747 1257.0 176.2499418 -35.640563 446.442 G 1.02 5690.0 1.59 4.04 0.338 9.4 0.5 -12.6 -0.03 2.21177 12.974 12.382 "" "" 10.992 10.692 10.588 Transit
"GJ 3473 b" "GJ 3473" 0.01589 0.0 87.95 1.86 1.264 773.0 120.5936065 3.3371629 27.3644 M4 0.36 3347.0 0.36 4.81 -1.824 "" 2.0 -1.1 0.11 36.515 15.241 13.74 13.2912 "" 9.627 9.063 8.829001 Transit
"GJ 3473 c" "GJ 3473" 0.0876 0.0 "" 7.41 2.63 329.1 120.5936065 3.3371629 27.3644 M4 0.36 3347.0 0.36 4.81 -1.824 "" 2.0 -1.1 0.11 36.515 15.241 13.74 13.2912 "" 9.627 9.063 8.829001 "Radial Velocity"
"TOI-837 b" TOI-837 "" 0.0 "" 381.396 8.631 980.842908 157.0372806 -64.5052107 142.488 "G0/F9 V" 1.12 6047.0 1.02 4.47 0.041 0.035 16.2 17.45 -0.069 6.98927 11.119 10.635 "" "" 9.392 9.108 8.933 Transit
"KMT-2016-BLG-2364L b" KMT-2016-BLG-2364L 2.63 "" "" 1250.0 13.0 "" 265.715667 -27.4355611 6440.0 "" 0.5 "" "" "" "" "" "" "" "" "" "" "" "" "" "" "" "" Microlensing
"KMT-2016-BLG-2397L b" KMT-2016-BLG-2397L 3.64 "" "" 836.0 13.2 "" 266.212542 -23.2013806 4880.0 "" 0.64 "" "" "" "" "" "" "" "" "" "" "" "" "" "" "" "" Microlensing
"OGLE-2017-BLG-0604L b" OGLE-2017-BLG-0604L 4.06 "" "" 160.0 14.2 "" 267.891667 -30.9465556 3950.0 "" 0.7 "" "" "" "" "" "" "" "" "" "" "" "" "" "" "" "" Microlensing
"OGLE-2017-BLG-1375L b" OGLE-2017-BLG-1375L 3.04 "" "" 3585.0 12.4 "" 269.154875 -30.3114167 3930.0 "" 0.81 "" "" "" "" "" "" "" "" "" "" "" "" "" "" "" "" Microlensing
"EPIC 201170410.02" "EPIC 201170410" 0.0349 0.0 89.002 1.15 1.047 "" 170.1408561 -4.8070039 134.0 "" 0.29 3648.0 0.28 5.0 -1.9 "" "" "" -0.048 "" 19.456 17.6984 "" "" 13.464 12.856 12.619 Transit
"EPIC 201757695.02" "EPIC 201757695" 0.0296 0.0 89.276 0.688 0.908 "" 173.9385102 4.6164303 577.6 "" 0.73 4520.0 0.66 4.66 -0.364 "" "" "" -0.003 "" 16.22 14.974 14.597 "" 12.856 12.292 12.149 Transit
"TOI-954 b" TOI-954 0.04963 0.14 84.4 55.30242 9.55 1526.0 61.9410587 -25.2088028 238.768 "" 1.2 5710.0 1.89 3.96 0.535 6.14 5.6 -6.89 0.215 4.15951 11.153 10.343 "" "" 9.18 8.891 8.779 Transit
"K2-329 b" K2-329 0.1016 0.0697 89.22 82.6358 8.676 650.0 351.1353785 -5.1641451 233.237 "" 0.9 5282.0 0.82 4.57 -0.325 1.8 1.9 -19.25 0.098 4.25907 13.542 12.697 12.5277 "" 11.174 10.798 10.668 Transit
"MOA-2013-BLG-220L b" MOA-2013-BLG-220L 3.03 "" "" 871.0 13.2 "" 270.985417 -29.5447222 6720.0 "" 0.88 "" "" "" "" "" "" "" "" "" "" "" "" "" "" "" "" Microlensing
"TOI-481 b" TOI-481 0.097 0.153 89.2 486.2799 11.097 1370.0 110.5126861 -57.384998 179.366 G 1.14 5735.0 1.66 4.06 0.435 6.7 4.54 38.19 0.26 5.54651 10.755 9.972 "" "" 8.803001 8.482 8.443 Transit
"TOI-892 b" TOI-892 0.092 0.125 88.2 301.9385 11.994 1397.0 86.738228 -11.2353401 340.543 F 1.28 6261.0 1.39 4.26 0.431 2.2 7.69 41.1 0.24 2.9083 11.996 11.43 "" "" 10.455 10.188 10.106 Transit
"TIC 237913194 b" "TIC 237913194" 0.1207 0.575 87.0 617.22586 12.52 974.0 22.4458116 -60.7399096 306.063 G3 1.03 5788.0 1.09 4.38 0.078 5.7 2.18 30.03 0.14 3.2385 12.746 12.144 "" "" 10.858 10.571 10.485 Transit
"HD 190007 b" "HD 190007" 0.092 0.14 "" 16.46 4.21 "" 300.6956339 3.3266992 12.7141 K3/4V 0.77 4610.0 0.79 4.58 -0.68 1.0 2.55 -30.47 0.16 78.6238 8.542 7.46 "" 6.255 5.476 4.956 4.796 "Radial Velocity"
"HD 216520 b" "HD 216520" 0.198 0.09 "" 10.26 3.18 "" 341.8768719 83.6975307 19.552 K2 0.82 5103.0 0.76 4.54 -0.452 6.0 0.2 -18.54 -0.16 51.1167 8.408 7.53 "" "" 5.951 5.524 5.449 "Radial Velocity"
"HD 216520 c" "HD 216520" 0.528 0.12 "" 9.44 3.03 "" 341.8768719 83.6975307 19.552 K2 0.82 5103.0 0.76 4.54 -0.452 6.0 0.2 -18.54 -0.16 51.1167 8.408 7.53 "" "" 5.951 5.524 5.449 "Radial Velocity"
"Kepler-840 b" Kepler-840 0.0355 0.0 88.51 43000.0 17.07 1408.0 296.5073737 49.4572313 1122.19 "" 1.04 5920.0 1.06 4.41 0.398 3.89 "" "" 0.0 0.865912 14.957 14.35 14.103 "" 12.996 12.682 12.6 Transit
"TOI-122 b" TOI-122 0.0392 0.0 88.4 7.85 2.72 471.0 332.9482355 -58.946085 62.118 "M3 V" 0.31 3403.0 0.33 4.88 -1.854 2.0 7.2 -72.4 "" 16.0698 17.061 15.526 "" "" 11.531 11.02 10.771 Transit
"TOI-237 b" TOI-237 0.0341 0.0 89.5 2.67 1.44 388.0 353.2435381 -29.416487 38.0749 "M4.5 V" 0.18 3212.0 0.21 5.04 -2.387 4.5 6.4 7.8 "" 26.2368 17.718 16.37 "" "" 11.74 11.19 10.896 Transit
"WASP-186 b" WASP-186 0.06 0.33 "" 1341.2426 12.442 1369.0 18.9953122 21.6169065 278.514 F 1.22 6361.0 1.47 4.19 0.5 3.1 15.6 -5.94 -0.08 3.56212 11.412 10.81 "" "" 9.781 9.613 9.532 Transit
"WASP-187 b" WASP-187 0.0653 0.0 "" 254.264 18.383 1760.0 17.47474 25.6816494 371.414 F 1.54 6150.0 2.83 3.72 0.967 2.55 15.3 -20.0 0.0 2.66418 10.836 10.295 "" "" 9.117 8.906 8.79 Transit
"K2-111 c" K2-111 0.1166 0.07 "" 11.3 3.37 "" 59.8903081 21.2985263 200.394 G2 0.84 5775.0 1.25 4.25 0.119 12.3 1.1 -16.28 -0.46 4.96259 11.796 11.13 10.876 "" 9.768 9.477 9.377 "Radial Velocity"
"LP 714-47 b" "LP 714-47" 0.0417 0.04 87.3 30.8 4.7 700.0 64.1902212 -12.0848643 52.616 "M0.0 V" 0.59 3950.0 0.58 4.64 -1.125 "" 2.0 -8.04 0.41 18.9768 13.933 12.492 "" "" 9.493 8.829001 8.626 Transit
"TOI-942 b" TOI-942 0.04796 0.0 89.97 826.358 4.81 1120.0 76.6496172 -20.2456126 152.601 "K2.5 V" 0.79 4928.0 1.02 4.31 -0.369 0.09 14.3 25.32 -0.221 6.52427 12.783 11.982 11.651 "" 10.231 9.747 9.639 Transit
"TOI-942 c" TOI-942 0.0847 0.0 89.54 794.575 5.79 "" 76.6496172 -20.2456126 152.601 "K2.5 V" 0.79 4928.0 1.02 4.31 -0.369 0.09 14.3 25.32 -0.221 6.52427 12.783 11.982 11.651 "" 10.231 9.747 9.639 Transit
"WASP-107 c" WASP-107 "" 0.28 "" 115.0 13.2 "" 188.3864277 -10.1462141 64.7414 K6 0.68 4425.0 0.67 4.63 -0.879 3.4 1.9 14.16 0.02 15.4175 14.913 11.592 11.196 "" 9.378 8.777 8.637 "Radial Velocity"
"TOI-251 b" TOI-251 0.05741 0.0 87.52 317.83 2.74 1041.044763 353.0620655 -37.2558629 99.523 "" 1.04 5875.0 0.88 4.56 -0.08 0.18 11.5 -2.06 -0.106 10.0193 10.528 9.887 "" "" 8.766 8.498 8.426 Transit
"HAT-P-68 b" HAT-P-68 0.02996 0.041 88.73 230.10892 12.016 1027.8 118.4831501 23.9382192 202.152 K 0.68 4508.0 0.67 4.62 -0.779 11.1 0.0 "" -0.059 4.91793 15.317 13.802 13.678 "" 11.75 11.21 11.019 Transit
"TOI-776 b" TOI-776 0.0652 0.06 89.65 4.0 1.85 514.0 178.577997 -37.5533568 27.1701 "M1 V" 0.54 3709.0 0.54 4.73 -1.31 7.8 "" 49.34 -0.2 36.7762 13.041 11.536 10.92 "" 8.483 7.877 7.615 Transit
"TOI-776 c" TOI-776 0.1 0.04 89.51 5.3 2.02 415.0 178.577997 -37.5533568 27.1701 "M1 V" 0.54 3709.0 0.54 4.73 -1.31 7.8 "" 49.34 -0.2 36.7762 13.041 11.536 10.92 "" 8.483 7.877 7.615 Transit
"TOI-561 b" TOI-561 0.01055 0.0 87.0 1.59 1.423 2480.0 148.1851516 6.216103 85.799 "G9 V" 0.79 5455.0 0.85 4.47 -0.282 5.0 2.0 79.54 -0.33 11.6268 10.965 10.252 "" "" 8.879 8.504 8.394 Transit
"TOI-561 c" TOI-561 0.08809 0.06 89.53 5.4 2.878 860.0 148.1851516 6.216103 85.799 "G9 V" 0.79 5455.0 0.85 4.47 -0.282 5.0 2.0 79.54 -0.33 11.6268 10.965 10.252 "" "" 8.879 8.504 8.394 Transit
"TOI-561 d" TOI-561 0.1569 0.051 89.54 11.95 2.53 "" 148.1851516 6.216103 85.799 "G9 V" 0.79 5455.0 0.85 4.47 -0.247 5.0 2.0 79.54 -0.33 11.6268 10.965 10.252 "" "" 8.879 8.504 8.394 Transit
"TOI-561 e" TOI-561 0.3274 0.061 89.75 16.0 2.67 "" 148.1851516 6.216103 85.799 "G9 V" 0.79 5455.0 0.85 4.47 -0.247 5.0 2.0 79.54 -0.33 11.6268 10.965 10.252 "" "" 8.879 8.504 8.394 Transit
"TOI-561 f" TOI-561 0.1174 0.0 "" 3.0 2.32 750.0 148.1851516 6.216103 85.799 "G9 V" 0.81 5326.0 0.83 4.5 -0.282 10.0 2.0 79.54 -0.41 11.6268 10.965 10.252 "" "" 8.879 8.504 8.394 Transit
"HD 108236 b" "HD 108236" 0.04527 0.045 87.59 3.24 1.615 1099.0 186.5740627 -51.3630519 64.5978 "G3 V" 0.87 5660.0 0.88 4.49 -0.15 6.7 4.7 16.3 -0.28 15.4517 9.894 9.25 "" "" 8.046 7.703 7.637 Transit
"HD 108236 c" "HD 108236" 0.062 0.034 88.3 4.94 2.071 932.0 186.5740627 -51.3630519 64.5978 "G3 V" 0.87 5660.0 0.88 4.49 -0.15 6.7 4.7 16.3 -0.28 15.4517 9.894 9.25 "" "" 8.046 7.703 7.637 Transit
"HD 108236 d" "HD 108236" 0.1074 0.055 89.06 6.98 2.539 708.0 186.5740627 -51.3630519 64.5978 "G3 V" 0.87 5660.0 0.88 4.49 -0.15 6.7 4.7 16.3 -0.28 15.4517 9.894 9.25 "" "" 8.046 7.703 7.637 Transit
"HD 108236 e" "HD 108236" 0.1367 0.058 89.245 9.71 3.083 636.0 186.5740627 -51.3630519 64.5978 "G3 V" 0.87 5660.0 0.88 4.49 -0.15 6.7 4.7 16.3 -0.28 15.4517 9.894 9.25 "" "" 8.046 7.703 7.637 Transit
"TOI-564 b" TOI-564 0.02734 0.072 78.38 464.98529 11.433 1714.0 130.2951535 -16.0363275 199.581 "" 1.0 5640.0 1.09 4.36 0.033 7.3 "" 7.72 0.143 4.98182 11.789 11.097 "" "" 10.044 9.71 9.604 Transit
"TOI-905 b" TOI-905 0.04666 0.024 85.68 211.99261 13.126 1192.0 227.6586754 -71.3616316 158.649 "" 0.97 5570.0 0.92 4.5 -0.137 3.4 "" 42.44 0.14 6.27445 12.088 11.08 "" "" 9.89 9.51 9.448 Transit
"TOI-451 b" TOI-451 0.0283 0.0 88.2 4.31 1.91 1491.0 62.966385 -37.93973 123.739 "" 0.95 5550.0 0.88 4.56 -0.189 0.12 7.9 19.87 "" 8.05268 11.637 10.939 "" "" 9.636 9.287 9.19 Transit
"TOI-451 c" TOI-451 0.0823 0.0 89.61 9.8 3.1 875.0 62.966385 -37.93973 123.739 "" 0.95 5550.0 0.88 4.56 -0.189 0.12 7.9 19.87 "" 8.05268 11.637 10.939 "" "" 9.636 9.287 9.19 Transit
"TOI-451 d" TOI-451 0.1208 0.0 89.25 15.6 4.07 722.0 62.966385 -37.93973 123.739 "" 0.95 5550.0 0.88 4.56 -0.189 0.12 7.9 19.87 "" 8.05268 11.637 10.939 "" "" 9.636 9.287 9.19 Transit
"HD 108236 f" "HD 108236" 0.1758 0.051 88.963 4.72 2.017 "" 186.5740627 -51.3630519 64.5978 "G3 V" 0.87 5660.0 0.88 4.49 -0.15 6.7 4.7 16.3 -0.28 15.4517 9.894 9.25 "" "" 8.046 7.703 7.637 Transit
"NGTS-13 b" NGTS-13 0.0549 0.086 88.7 1538.2972 12.801 1605.0 176.2402326 -38.1397158 647.595 "" 1.3 5819.0 1.79 4.04 0.517 4.23 6.2 29.35 0.25 1.51604 13.419 12.744 12.363 "" 11.481 11.244 11.141 Transit
"HD 110113 b" "HD 110113" 0.035 0.093 "" 4.55 2.05 1371.0 190.0365636 -44.3120777 106.307 G 1.0 5732.0 0.97 4.46 -0.032 4.0 1.74 17.13 0.14 9.37852 10.675 10.09 "" "" 8.903 8.594 8.502 Transit
"Kepler-295 b" Kepler-295 0.099 0.0 77.82 1.98 1.22 741.0 285.3458383 45.3677754 1699.19 "" 0.89 5603.0 0.9 4.44 0.629 8.8 "" "" -0.01 0.559493 15.594 14.631 14.4 "" 13.145 12.763 12.717 Transit
"HD 110113 c" "HD 110113" 0.068 0.045 "" 10.5 3.23 990.0 190.0365636 -44.3120777 106.307 G 1.0 5732.0 0.97 4.46 -0.032 4.0 1.74 17.13 0.14 9.37852 10.675 10.09 "" "" 8.903 8.594 8.502 "Radial Velocity"
"TOI-178 b" TOI-178 0.02607 "" 88.8 1.5 1.152 1040.0 7.3020115 -30.4541159 62.699 K 0.65 4316.0 0.65 4.45 -0.879 7.1 1.5 57.38 -0.23 15.9205 13.056 11.955 "" "" 9.372 8.761 8.656 Transit
"TOI-178 c" TOI-178 0.037 "" 88.4 4.77 1.669 873.0 7.3020115 -30.4541159 62.699 K 0.65 4316.0 0.65 4.45 -0.879 7.1 1.5 57.38 -0.23 15.9205 13.056 11.955 "" "" 9.372 8.761 8.656 Transit
"TOI-178 d" TOI-178 0.0592 "" 88.58 3.01 2.572 690.0 7.3020115 -30.4541159 62.699 K 0.65 4316.0 0.65 4.45 -0.879 7.1 1.5 57.38 -0.23 15.9205 13.056 11.955 "" "" 9.372 8.761 8.656 Transit
"TOI-178 e" TOI-178 0.0783 "" 88.71 3.86 2.207 600.0 7.3020115 -30.4541159 62.699 K 0.65 4316.0 0.65 4.45 -0.879 7.1 1.5 57.38 -0.23 15.9205 13.056 11.955 "" "" 9.372 8.761 8.656 Transit
"TOI-178 f" TOI-178 0.1039 "" 88.723 7.72 2.287 521.0 7.3020115 -30.4541159 62.699 K 0.65 4316.0 0.65 4.45 -0.879 7.1 1.5 57.38 -0.23 15.9205 13.056 11.955 "" "" 9.372 8.761 8.656 Transit
"TOI-178 g" TOI-178 0.1275 "" 88.823 3.94 2.87 470.0 7.3020115 -30.4541159 62.699 K 0.65 4316.0 0.65 4.45 -0.879 7.1 1.5 57.38 -0.23 15.9205 13.056 11.955 "" "" 9.372 8.761 8.656 Transit
"HD 4760 b" "HD 4760" 1.14 0.23 "" 4417.837 12.3 "" 12.4161652 6.4071412 537.873 K2 1.05 4076.0 42.4 1.62 2.93 "" 1.4 -67.26 -0.91 1.83153 8.886 7.51 8.698 "" 4.916 4.194 3.993 "Radial Velocity"
"HD 96992 b" "HD 96992" 1.24 0.41 "" 362.3262 13.7 "" 167.5966158 43.9189897 396.082 K0 0.96 4725.0 7.43 2.76 1.47 "" 1.9 -36.62 -0.45 2.49896 9.626 8.57 "" "" 6.662 6.144 6.015 "Radial Velocity"
"TYC 0434-04538-1 b" "TYC 0434-04538-1" 0.66 0.08 "" 1938.763 12.7 "" 271.3396528 2.0622774 613.422 "" 1.04 4679.0 9.99 2.49 1.67 "" 3.0 -52.88 -0.38 1.60524 11.483 10.247 "" "" 8.125 7.554 7.413 "Radial Velocity"
"Kepler-839 b" Kepler-839 0.2341 0.0 87.34 7.13 2.57 626.0 291.074684 45.242544 944.561 "" 1.22 6058.0 1.31 4.29 0.437 2.82 "" "" 0.29 1.02991 14.393 13.693 13.55 "" 12.554 12.31 12.25 Transit
"HD 183579 b" "HD 183579" 0.1334 0.28 89.33 19.7 3.55 769.0 293.2866147 -54.5327284 57.2651 "G5 V" 1.03 5788.0 0.99 4.5 0.012 2.6 2.0 -15.8 -0.023 17.434 9.334 8.67 "" "" 7.518 7.231 7.15 Transit
"NGTS-14 A b" "NGTS-14 A" 0.0403 0.0 86.7 29.24036 4.977 1143.0 328.5174799 -38.3774193 322.148 "K1 V" 0.9 5187.0 0.84 4.2 -0.311 5.9 1.2 30.29 0.1 3.07577 14.093 13.268 12.989 "" 11.813 11.386 11.305 Transit
"HD 110082 b" "HD 110082" 0.113 0.2 88.2 10.3 3.2 955.146119 192.5892855 -88.1211107 105.096 "F8 V" 1.21 6200.0 1.19 4.2 0.281 0.25 25.3 3.63 0.08 9.48625 9.755 9.23 "" "" 8.272 8.014 8.002 Transit
"K2-138 g" K2-138 0.23109 0.059 89.4 4.32 3.013 445.0 348.9490311 -10.8497391 202.585 "G8 V" 0.94 5356.3 0.86 4.54 -0.287 2.8 2.7 0.64 0.14 4.90795 13.063 12.246 12.065 "" 10.756 10.384 10.305 Transit
"TOI-628 b" TOI-628 0.0486 0.072 88.41 2011.8639 11.882 1586.0 99.2630608 1.7675497 178.68 "" 1.31 6250.0 1.34 4.3 0.394 1.28 6.9 20.07 0.258 5.57048 10.666 10.112 "" "" 9.17 8.895001 8.811 Transit
"TOI-640 b" TOI-640 0.06608 0.05 82.54 279.6904 19.851 1749.0 99.7345935 -36.64613 341.997 "" 1.54 6460.0 2.08 3.99 0.834 1.99 6.1 40.88 0.072 2.8953 11.062 10.51 "" "" 9.519 9.327 9.243 Transit
"TOI-1333 b" TOI-1333 0.0626 0.073 85.7 753.2571 15.648 1679.0 325.0145363 48.4067674 200.492 "" 1.46 6274.0 1.93 4.03 0.713 2.33 14.2 -15.16 0.119 4.95904 9.854 9.438 "" "" 8.485 8.397 8.272 Transit
"TOI-1478 b" TOI-1478 0.0903 0.024 88.51 270.47333 11.882 918.0 126.4337428 -13.5595485 152.892 "" 0.95 5597.0 1.05 4.37 -0.013 9.1 4.3 21.16 0.078 6.51199 11.449 10.723 "" "" 9.59 9.255 9.201 Transit
"TOI-1601 b" TOI-1601 0.06864 0.036 88.84 314.6517 13.888 1619.0 38.361569 41.0134321 336.608 "" 1.52 5948.0 2.19 3.94 0.732 2.64 6.4 -7.8 0.329 2.94419 11.274 10.66 "" "" 9.505 9.266 9.191 Transit
"GJ 251 b" "GJ 251" 0.0818 0.1 "" 4.0 1.83 351.0 103.7002499 33.2664632 5.58057 "M3.0 V" 0.36 3451.0 0.36 4.96 -1.772 "" 2.0 22.65 -0.03 179.164 11.74 9.89 "" 7.5 6.104 5.526 5.275 "Radial Velocity"
"HD 238090 b" "HD 238090" 0.0932 0.3 "" 6.89 2.52 469.6 183.0886375 54.486153 15.2354 "M0.0 V" 0.58 3933.0 0.57 4.7 -1.154 "" 2.0 -17.67 -0.03 65.6078 11.103 9.71 11.9035 7.98 6.875 6.245 6.059 "Radial Velocity"
"GJ 486 b" "GJ 486" 0.01734 0.05 88.4 2.82 1.305 701.0 191.981531 9.7494181 8.07426 "M3.5 V" 0.32 3340.0 0.33 4.89 -1.917 "" "" 19.1 0.07 123.821 2.615 11.39 "" 8.71 7.195 6.666 6.362 "Radial Velocity"
"GJ 414 A b" "GJ 414 A" 1.4 0.45 "" 7.6 2.63 308.6 167.7745044 30.4451688 11.8893 "K7 V" 0.65 4120.0 0.68 4.65 -0.924 12.4 3.0 -17.2 0.24 84.0803 9.69 8.31 "" 6.74 5.764 5.13 4.979 "Radial Velocity"
"GJ 414 A c" "GJ 414 A" 0.2324 0.105 "" 53.83 8.4 124.7 167.7745044 30.4451688 11.8893 "K7 V" 0.65 4120.0 0.68 4.65 -0.924 12.4 3.0 -17.2 0.24 84.0803 9.69 8.31 "" 6.74 5.764 5.13 4.979 "Radial Velocity"
"Kepler-838 b" Kepler-838 0.1266 0.0 88.24 7.9 2.73 777.0 285.4354695 45.975959 1104.04 "" 0.98 5770.0 0.96 4.46 -0.099 4.17 "" "" -0.06 0.877122 16.009 15.424 15.24 "" 14.186 13.855 13.761 Transit
"Kepler-106 c" Kepler-106 0.1096 0.0 87.07 10.44 2.5 785.0 300.864006 44.3375497 444.322 "" 1.0 5858.0 1.04 4.41 0.083 4.83 0.3 -56.18 -0.12 2.22233 13.592 12.923 12.85 "" 11.752 11.494 11.431 Transit
