Tutorials/Exoplane_Table
# %ECSV 0.9
# ---
# datatype:
# - {name: pl_name, datatype: object}
# - {name: hostname, datatype: object}
# - {name: pl_orbsmax, datatype: float64}
# - {name: pl_orbeccen, datatype: float64}
# - {name: pl_orbincl, datatype: float64}
# - {name: pl_bmasse, datatype: float64}
# - {name: pl_rade, datatype: float64}
# - {name: pl_eqt, datatype: float64}
# - {name: ra, datatype: float64}
# - {name: dec, datatype: float64}
# - {name: sy_dist, datatype: float64}
# - {name: st_spectype, datatype: object}
# - {name: st_mass, datatype: float64}
# - {name: st_teff, datatype: float64}
# - {name: st_rad, datatype: float64}
# - {name: st_logg, datatype: float64}
# - {name: st_lum, datatype: float64}
# - {name: st_age, datatype: float64}
# - {name: st_vsin, datatype: float64}
# - {name: st_radv, datatype: float64}
# - {name: st_met, datatype: float64}
# - {name: sy_plx, datatype: float64}
# - {name: sy_bmag, datatype: float64}
# - {name: sy_vmag, datatype: float64}
# - {name: sy_rmag, datatype: float64}
# - {name: sy_icmag, datatype: float64}
# - {name: sy_jmag, datatype: float64}
# - {name: sy_hmag, datatype: float64}
# - {name: sy_kmag, datatype: float64}
# - {name: discoverymethod, datatype: object}
# meta: !!omap
# - {isPSCOMPPARS: true}
# schema: astropy-2.0
pl_name hostname pl_orbsmax pl_orbeccen pl_orbincl pl_bmasse pl_rade pl_eqt ra dec sy_dist st_spectype st_mass st_teff st_rad st_logg st_lum st_age st_vsin st_radv st_met sy_plx sy_bmag sy_vmag sy_rmag sy_icmag sy_jmag sy_hmag sy_kmag discoverymethod
[from data line 1545]
"HATS-63 b" HATS-63 0.04026 0.136 84.86 305.1168 13.529 1398.3 67.418582 -28.1972149 623.232 "" 0.93 5627.0 1.07 4.35 0.012 10.3 1.77 -4.17 0.081 1.5756 14.595 13.992 13.674 "" 12.631 12.29 12.216 Transit
"HATS-64 b" HATS-64 0.06562 0.151 87.24 305.1168 18.82 1793.0 144.2876092 -29.800444 1080.15 "" 1.56 6554.0 2.11 3.98 0.867 1.861 12.65 7.36 0.22 0.897203 13.42 13.045 12.813 "" 11.968 11.78 11.705 Transit
"HATS-65 b" HATS-65 0.04497 0.062 84.82 260.93843 16.825 1634.0 292.9397825 -26.7402021 493.32 "" 1.26 6277.0 1.31 4.3 0.377 1.78 7.83 -12.32 0.199 2.00024 13.08 12.679 12.375 "" 11.405 11.145 11.095 Transit
"HATS-66 b" HATS-66 0.04714 0.064 87.06 1694.0339 15.816 1998.0 101.3948048 -33.8816918 1477.98 "" 1.41 6626.0 1.84 4.06 0.767 2.17 12.86 39.94 -0.017 0.647617 14.626 14.283 14.015 "" 13.083 12.827 12.761 Transit
"HATS-67 b" HATS-67 0.03032 0.057 79.03 460.8535 18.887 2193.0 180.2087883 -46.1364201 960.109 "" 1.44 6594.0 1.44 4.28 0.547 0.51 5.19 -23.37 0.332 1.0131 14.207 13.698 13.551 "" 12.638 12.346 12.327 Transit
"HATS-68 b" HATS-68 0.05071 0.036 83.21 410.0007 13.809 1741.0 15.006077 -58.9047242 603.955 "" 1.35 6147.0 1.75 4.08 0.592 3.02 7.42 11.89 0.21 1.62712 12.812 12.312 12.137 "" 11.25 10.985 10.949 Transit
"HATS-69 b" HATS-69 0.03211 0.519 88.49 183.38791 10.593 1295.7 289.2974275 -60.8917599 414.537 "" 0.89 5137.0 0.88 4.5 -0.318 8.0 2.55 4.09 0.377 2.38362 14.906 14.074 13.622 "" 12.413 11.968 11.875 Transit
"HD 202696 b" "HD 202696" 1.566 0.011 90.0 634.38868 "" "" 319.2250346 27.2582799 188.546 "K0 III-IV" 1.91 5040.0 6.43 3.11 1.369 1.32 2.0 -33.17 0.02 5.2754 8.927 8.23 "" "" 6.489 5.993 5.877 "Radial Velocity"
"HD 202696 c" "HD 202696" 2.342 0.028 90.0 592.43512 "" "" 319.2250346 27.2582799 188.546 "K0 III-IV" 1.91 5040.0 6.43 3.11 1.369 1.32 2.0 -33.17 0.02 5.2754 8.927 8.23 "" "" 6.489 5.993 5.877 "Radial Velocity"
"K2-290 b" K2-290 0.0923 0.0 88.14 10.9 3.06 1230.0 234.8578846 -20.1988975 272.909 "" 1.19 6302.0 1.51 4.23 0.42 4.0 6.5 19.76 -0.06 3.63648 11.681 11.114 14.0103 "" 9.771 9.477 9.42 Transit
"Kepler-779 b" Kepler-779 0.0533 0.0 89.89 0.721 0.92 425.0 285.6285208 44.3107855 283.155 "" 0.46 3804.0 0.44 4.81 -1.234 3.89 "" "" -0.43 3.50313 17.19 16.303 15.731 "" 13.441 12.872 12.608 Transit
"K2-290 c" K2-290 0.305 0.0 89.37 246.00042 11.276 676.0 234.8578846 -20.1988975 272.909 "" 1.19 6302.0 1.51 4.23 0.42 4.0 6.5 19.76 -0.06 3.63648 11.681 11.114 14.0103 "" 9.771 9.477 9.42 Transit
"K2-291 b" K2-291 0.03261 0.0 85.26 6.49 1.589 "" 76.44594 21.548199 90.0562 "" 0.93 5520.0 0.9 4.5 -0.166 3.72 2.0 25.13 0.08 11.0758 10.832 10.014 9.836 "" 8.765 8.407 8.353 Transit
"GJ 4276 b" "GJ 4276" 0.082 0.37 "" 16.57 4.22 "" 336.3221454 59.412503 21.3362 M4.0 0.41 3387.0 0.41 4.97 -1.706 6.9 2.0 "" 0.12 46.8399 14.391 12.903 "" "" 8.745 8.16 7.887 "Radial Velocity"
"LHS 3844 b" "LHS 3844" 0.00622 "" 88.5 2.25 1.303 805.0 340.4962038 -69.1721081 14.8846 M5 0.15 3036.0 0.19 5.06 -2.565 "" "" "" "" 67.1548 16.942 15.24 "" 11.88 10.046 9.477 9.145001 Transit
"HD 202772 A b" "HD 202772 A" 0.05208 0.038 84.51 323.23311 17.318 2132.0 319.6995877 -26.6163743 161.498 "" 1.72 6272.0 2.59 3.85 0.971 1.7 "" -17.71 0.3 6.16554 8.847 8.324 "" "" 7.232 7.048 6.959 Transit
"K2-292 b" K2-292 0.13 0.04 88.4 24.5 2.63 795.0 205.3758786 -9.9460704 114.293 "G3 V" 1.0 5725.0 1.09 4.33 0.093 6.8 4.6 -28.18 0.07 8.72122 10.548 9.885 9.81 "" 8.73 8.452 8.407 Transit
"HD 20781 d" "HD 20781" 0.1647 0.11 "" 10.61 3.25 "" 50.0139757 -28.7841175 35.9715 "K0 V" 0.7 5256.0 0.83 4.37 -0.31 "" 1.1 40.31 -0.11 27.7709 9.239 8.48 "" "" 7.045 6.642 6.553 "Radial Velocity"
"HD 20781 e" "HD 20781" 0.3374 0.06 "" 14.03 3.83 "" 50.0139757 -28.7841175 35.9715 "K0 V" 0.7 5256.0 0.83 4.37 -0.31 "" 1.1 40.31 -0.11 27.7709 9.239 8.48 "" "" 7.045 6.642 6.553 "Radial Velocity"
"HD 45184 c" "HD 45184" 0.11 0.07 "" 8.81 2.91 "" 96.1820205 -28.7806402 21.9532 "G1.5 V" 1.03 5869.0 1.05 4.47 0.053 6.8 2.1 -4.1 0.04 45.5224 7.003 6.383 "" "" 5.219 4.962 4.871 "Radial Velocity"
"HATS-70 b" HATS-70 0.03632 0.18 86.7 4100.007 15.513 2730.0 109.1045212 -31.2443947 1458.83 "" 1.78 7930.0 1.88 4.17 1.079 0.81 40.61 35.74 0.041 0.657918 12.071 12.227 12.642 "" 12.139 12.106 12.04 Transit
"Kepler-499 b" Kepler-499 0.0598 0.0 88.58 5.35 2.17 844.0 295.1099549 43.9151012 556.726 "" 0.87 5312.0 0.83 4.55 -0.279 4.57 "" "" 0.0 1.76765 15.472 14.63 14.278 "" 12.946 12.511 12.405 Transit
"GJ 143 b" "GJ 143" 0.1915 0.188 89.33 22.7 2.61 422.0 51.7501882 -63.500166 16.32 K4.5 0.73 4640.0 0.7 4.61 -0.686 3.8 "" 59.46 0.003 61.2455 9.214 8.08 "" 6.725 6.081 5.524 5.375 Transit
"HD 23472 b" "HD 23472" 0.121 0.0 "" 17.92 1.872 840.0 55.4590314 -62.7672667 39.0341 "K3.5 V" 0.75 4813.0 0.73 4.38 -0.636 "" "" 34.22 -0.19 25.5897 10.694 9.73 "" "" 7.865 7.347 7.207 Transit
"HD 23472 c" "HD 23472" 0.17 0.0 "" 17.18 2.149 475.476044 55.4590314 -62.7672667 39.0341 "K3.5 V" 0.75 4813.0 0.73 4.38 -0.636 "" "" 34.22 -0.19 25.5897 10.694 9.73 "" "" 7.865 7.347 7.207 Transit
"KMT-2016-BLG-1107L b" KMT-2016-BLG-1107L 0.342 "" "" 1043.0 13.1 "" 266.41775 -26.0318 6651.0 "" 0.09 "" "" "" "" "" "" "" "" "" "" "" "" "" "" "" "" Microlensing
"HD 219666 b" "HD 219666" 0.06356 0.0 86.38 16.6 4.71 1073.0 349.5592665 -56.9039857 94.1719 "" 0.92 5527.0 1.03 4.4 -0.028 10.0 2.2 -20.1 0.04 10.59 10.596 9.809 "" "" 8.557 8.254 8.158 Transit
"HD 1397 b" "HD 1397" 0.1097 0.251 88.99 131.89945 11.5 1228.3 4.4471631 -66.3589285 79.5702 "G5 III/IV" 1.32 5521.0 2.34 3.82 0.66 4.51 2.0 30.75 0.29 12.5386 8.474 7.79 "" "" 6.442 6.09 5.988 Transit
"GJ 411 b" "GJ 411" 0.0789 0.12 "" 2.69 1.45 370.1 165.834471 35.972317 5.675773 "M1.5 V" 0.39 3601.0 0.39 4.87 -1.71 "" 2.0 -85.02 -0.09 392.4 8.915 7.49 "" "" 4.32 3.722 3.501 "Radial Velocity"
"WASP-190 b" WASP-190 0.0663 0.0 87.1 317.83 12.89 1500.0 7.7095292 -40.5734613 542.251 "F6 IV-V" 1.35 6400.0 1.6 4.17 0.691 "" 13.3 0.82 -0.02 1.81569 12.028 11.645 "" "" 10.859 10.694 10.65 Transit
"Gl 378 b" "Gl 378" 0.039435 0.109 "" 13.02 3.66 830.0 150.5865513 48.0824515 14.9545 M1 0.56 3879.0 0.56 4.69 -1.222 "" "" -9.7 0.06 66.8407 11.366 10.03 9.57992 8.12 6.949 6.355 6.16 "Radial Velocity"
"PDS 70 b" "PDS 70" 20.0 0.19 140.0 953.49 30.488 1204.0 212.0421402 -41.3980405 113.064 K7 0.76 3972.0 1.26 3.68 -0.456 0.005 17.27 3.13 -0.11 8.81593 13.494 12.032 11.696 "" 9.553001 8.823 8.542 Imaging
"Kepler-270 b" Kepler-270 0.107 0.0 86.33 4.7 2.01 984.0 282.2001207 44.4222795 948.781 "" 1.17 6067.0 1.46 4.2 0.312 2.73 "" "" 0.07 1.02515 14.652 13.9 13.841 "" 12.938 12.614 12.627 Transit
"KMT-2017-BLG-1038L b" KMT-2017-BLG-1038L 1.8 "" "" 640.0 13.4 "" 266.170917 -25.1430306 6000.0 "" 0.37 "" "" "" "" "" "" "" "" "" "" "" "" "" "" "" "" Microlensing
"KMT-2017-BLG-1146L b" KMT-2017-BLG-1146L 1.6 "" "" 230.0 14.0 "" 269.105833 -33.1424694 6500.0 "" 0.33 "" "" "" "" "" "" "" "" "" "" "" "" "" "" "" "" Microlensing
"Gl 686 b" "Gl 686" 0.091 0.05 "" 6.624 2.46 379.0 264.4764878 18.5959509 8.15728 "M1.0 V" 0.43 3656.0 0.43 4.87 -1.53 "" 2.49 -10.09 -0.23 122.561 11.01 9.62 "" 7.55 6.36 5.79 5.572 "Radial Velocity"
"Qatar-7 b" Qatar-7 0.0352 0.0 89.0 597.5204 19.055 2053.0 358.5151344 37.0218242 705.981 "F4 V" 1.41 6387.0 1.56 4.2 0.563 1.69 13.8 -4.7 0.276 1.38842 13.695 13.134 13.0463 "" 11.859 11.599 11.561 Transit
"TOI-172 b" TOI-172 0.0914 0.3806 88.2 1722.6386 10.817 1198.0 316.6318791 -26.6928654 342.831 "" 1.13 5645.0 1.78 3.99 0.461 7.4 5.1 -5.89 0.148 2.88999 12.038 11.299 "" "" 10.135 9.825 9.722 Transit
"K2-293 b" K2-293 "" "" 88.8 6.57 2.45 750.0 351.6064952 -6.0279068 392.251 "" 0.96 5532.0 0.95 4.52 -0.18 "" "" "" 0.218 2.52119 14.141 13.44 13.276 "" 11.959 11.565 11.544 Transit
"K2-294 b" K2-294 "" "" 85.5 3.39 1.66 1425.0 352.0516724 -7.6037856 373.078 "" 0.99 5612.0 1.2 4.2 0.088 "" "" 42.93 0.194 2.65222 13.237 12.649 12.4635 "" 11.268 10.922 10.859 Transit
"GJ 685 b" "GJ 685" 0.1344 0.0 "" 9.0 2.95 "" 263.8960378 61.6793482 14.3155 M0.5 0.55 3816.0 0.54 4.72 -1.253 "" 1.33 -15.72 -0.15 69.8254 11.401 9.98 9.4399 8.0 6.884 6.271 6.066 "Radial Velocity"
"HD 181234 b" "HD 181234" 7.52 0.73 "" 2660.2371 12.6 "" 289.9998695 -9.32497 47.7458 G5 1.01 5386.0 1.05 4.25 -0.099 6.32 2.105 -46.42 0.32 20.9155 9.344 8.59 "" "" 7.152 6.871 6.689 "Radial Velocity"
"HD 25015 b" "HD 25015" 6.19 0.39 "" 1423.8784 12.9 "" 59.4335463 -20.2673347 37.433 "K1 V" 0.86 5160.0 0.83 4.4 -0.384 4.0 3.485 28.15 0.04 26.6856 9.79 8.87 "" "" 7.314 6.903 6.806 "Radial Velocity"
"HD 92987 b" "HD 92987" 9.62 0.21 "" 5364.9704 12.2 "" 160.9012407 -39.0583857 43.5339 "G2/G3 V" 1.08 5770.0 1.58 4.0 0.406 7.75 2.616 4.5 -0.08 22.9417 7.571 7.03 "" "" 5.904 5.613 5.517 "Radial Velocity"
"HD 50499 c" "HD 50499" 9.02 0.0 "" 931.2419 13.2 "" 103.008075 -33.915267 46.2845 "G1 V" 1.31 6099.0 1.42 4.42 0.376 2.4 4.313 36.94 0.38 21.5765 7.816 7.21 "" "" 6.152 5.884 5.836 "Radial Velocity"
"HD 92788 c" "HD 92788" 10.5 0.46 "" 1166.4361 13.0 "" 160.7021351 -2.1847173 34.6538 "G6 V" 1.15 5744.0 1.14 4.39 0.098 2.55 2.719 -4.33 0.27 28.8281 7.963 7.31637 "" "" 6.131 5.798 5.721 "Radial Velocity"
"HD 221416 b" "HD 221416" 0.1228 0.115 85.75 60.5 9.17 1012.0 353.0331863 -21.8012007 95.5483 "K0 IV/V" 1.21 5080.0 2.94 3.58 0.712 4.9 2.8 25.29 -0.08 10.438 9.002 8.15 "" "" 6.568 6.149 6.043 Transit
"WASP-177 b" WASP-177 0.03957 "" 84.14 161.45764 17.71 1142.0 334.7969885 -1.8344301 176.818 K2 0.88 5017.0 0.89 4.49 -0.412 9.7 1.8 -7.14 0.25 5.62826 13.265 12.312 15.0297 "" 10.654 10.244 10.163 Transit
"WASP-181 b" WASP-181 0.05427 "" 88.38 95.03117 13.271 1186.0 26.7932253 3.1329325 437.495 G2 1.04 5839.0 0.97 4.49 0.049 2.5 3.3 -8.55 0.09 2.25727 13.551 12.924 12.8213 "" 11.785 11.522 11.443 Transit
"WASP-183 b" WASP-183 0.04632 "" 85.37 159.55066 16.477 1111.0 163.7888521 -0.7370663 325.377 G9 0.78 5313.0 0.87 4.45 -0.209 14.9 1.0 68.71 -0.31 3.04488 13.721 13.081 12.9127 "" 11.639 11.268 11.207 Transit
"Kepler-47 d" Kepler-47 0.6992 0.024 90.395 19.02 7.04 "" 295.2978883 46.9204303 1025.02 "" 0.96 5636.0 0.94 4.49 -0.144 "" 4.1 "" -0.043 0.947573 16.233 15.31 15.126 "" 13.97 13.639 13.535 Transit
"HD 21749 c" "GJ 143" 0.0695 "" 88.9 3.7 0.892 701.0 51.7501882 -63.500166 16.32 K4.5 0.73 4640.0 0.7 4.61 -0.686 3.8 "" 59.46 0.003 61.2455 9.214 8.08 "" 6.725 6.081 5.524 5.375 Transit
"Qatar-8 b" Qatar-8 0.0474 0.0 89.29 117.91493 14.404 1457.0 157.4123405 70.5270835 281.498 "G0 V" 1.03 5738.0 1.32 4.21 0.228 8.3 2.7 5.57 0.025 3.5238 12.244 11.71 11.355 "" 10.296 10.005 9.937 Transit
"Kepler-780 b" Kepler-780 0.015 0.0 87.38 0.64 0.89 2099.0 281.7663511 44.2924898 557.652 "" 1.01 5769.0 1.02 4.42 0.017 4.9 "" "" 0.05 0.681192 14.221 13.464 13.294 "" 12.214 11.891 11.824 Transit
"Qatar-9 b" Qatar-9 0.0234 0.0 89.23 378.2177 11.31 1134.0 160.748095 60.9641194 213.771 "K5 V" 0.72 4309.0 0.7 4.61 -0.821 7.5 4.3 2.92 0.252 4.649 15.515 14.023 13.8403 "" 11.835 11.235 11.104 Transit
"Qatar-10 b" Qatar-10 0.0286 0.0 85.87 233.92288 17.295 1955.0 284.4439052 69.5708373 559.068 "F7 V" 1.16 6124.0 1.25 4.3 0.3 3.2 5.9 -25.49 0.016 1.7599 13.437 12.868 12.712 "" 11.754 11.474 11.382 Transit
TOI-216.02 TOI-216 0.1293 0.132 88.364 30.0 7.69 628.0 73.9800129 -63.2603301 177.945 "" 0.87 5026.0 0.84 4.66 -0.442 "" "" 36.3 0.32 5.59094 13.36 12.324 "" "" 10.759 10.332 10.218 Transit
TOI-216.01 TOI-216 0.2069 0.029 89.83 200.0 11.29 497.0 73.9800129 -63.2603301 177.945 "" 0.87 5026.0 0.84 4.66 -0.442 "" "" 36.3 0.32 5.59094 13.36 12.324 "" "" 10.759 10.332 10.218 Transit
"HD 221420 b" "HD 221420" 18.5 0.42 "" 3082.951 12.5 "" 353.3319001 -77.3853286 31.1415 "G2 IV-V" 1.67 5830.0 2.0 4.08 0.603 "" 2.8 26.51 0.29 32.0826 6.489 5.82 "" "" 4.997 4.527 4.306 "Radial Velocity"
"NGTS-5 b" NGTS-5 0.0382 0.0 86.6 72.78307 12.733 952.0 221.0582692 5.6053735 306.779 "K2 V" 0.66 4987.0 0.74 4.52 -0.511 "" "" -5.52 0.12 3.23104 14.706 13.789 13.5645 "" 12.117 11.708 11.612 Transit
"HD 210193 b" "HD 210193" 1.487 0.24 "" 153.1 14.3 "" 332.3951324 -41.225205 42.2029 "G3 V" 1.04 5790.0 1.06 4.43 0.056 "" 2.0 3.6 0.13 23.6662 8.488 7.83 "" "" 6.674 6.39 6.31 "Radial Velocity"
"HD 211970 b" "HD 211970" 0.143 0.15 "" 13.0 3.66 "" 335.5661579 -54.5596006 13.1277 "K7 V" 0.61 4127.0 0.57 4.69 -1.065 "" "" -5.6 "" 76.1461 10.402 10.24 "" "" 6.462 5.842 5.663 "Radial Velocity"
"HD 39855 b" "HD 39855" 0.041 0.14 "" 8.5 2.85 "" 88.6260731 -19.7044472 23.2599 "G8 V" 0.87 5576.0 0.74 4.66 -0.316 "" 3.0 42.58 "" 42.9636 8.152 7.51 "" "" 6.207 5.836 5.756 "Radial Velocity"
"HIP 35173 b" "HIP 35173" 0.217 0.16 "" 12.7 3.61 "" 109.0449329 -3.6661273 33.1562 "K2 V" 0.79 4881.0 0.77 4.52 -0.514 "" "" 11.08 "" 30.1315 10.105 9.01 "" "" 7.263 6.803 6.674 "Radial Velocity"
"Kepler-271 b" Kepler-271 0.0881 0.0 89.57 2.04 1.23 759.0 283.0029316 44.284108 404.542 "" 0.9 5555.0 0.87 4.52 -0.253 4.57 "" "" -0.13 2.44326 14.37 13.578 13.367 "" 12.198 11.819 11.745 Transit
"HD 102843 b" "HD 102843" 4.074 0.11 "" 113.9 13.1 "" 177.5854673 -1.2522989 62.758 "K0 V" 0.95 5436.0 0.96 4.46 -0.138 "" "" 21.7 0.16 15.9056 9.983 9.26 "" "" 7.896 7.535 7.495 "Radial Velocity"
"HD 103949 b" "HD 103949" 0.439 0.19 "" 11.2 3.35 "" 179.5479558 -23.9241221 26.4997 "K3 V" 0.77 4792.0 0.75 4.59 -0.569 "" "" -10.28 -0.07 37.7076 9.658 8.7 "" "" 6.903 6.411 6.314 "Radial Velocity"
"HD 206255 b" "HD 206255" 0.461 0.23 "" 34.2 6.47 "" 325.5917768 -50.0935884 75.2363 "G5 IV/V" 1.42 5635.0 2.22 3.75 0.652 "" 2.0 -3.64 "" 13.2626 8.328 7.62 "" "" 6.379 6.07 5.979 "Radial Velocity"
"HD 21411 b" "HD 21411" 0.362 0.4 "" 65.9 9.52 "" 51.5474155 -30.6168403 29.1328 "G8 V" 0.89 5605.0 0.83 4.51 -0.266 "" 2.0 17.82 -0.265 34.2966 8.642 7.88 "" 7.115 6.573 6.238 6.131 "Radial Velocity"
"HD 64114 b" "HD 64114" 0.246 0.12 "" 17.8 4.41 "" 117.982556 -11.0337221 31.5262 "G7 V" 0.95 5676.0 0.88 4.52 -0.137 "" 2.0 52.79 "" 31.6907 8.402 7.71 "" "" 6.478 6.125 6.046 "Radial Velocity"
"HD 8326 b" "HD 8326" 0.533 0.2 "" 66.6 9.58 "" 20.5314418 -26.8940678 30.6862 "K2 V" 0.8 4914.0 0.78 4.55 -0.492 "" 4.0 20.86 0.04 32.5591 9.67 8.76 "" "" 7.052 6.587 6.504 "Radial Velocity"
"HIP 54373 b" "HIP 54373" 0.063 0.2 "" 8.62 2.87 "" 166.8643532 -19.2916857 18.7168 "K5 V" 0.57 4021.0 0.56 4.68 -1.222 "" "" -4.37 "" 53.3991 11.808 10.38 "" "" 7.449 6.853 6.62 "Radial Velocity"
"HIP 54373 c" "HIP 54373" 0.099 0.2 "" 12.44 3.57 "" 166.8643532 -19.2916857 18.7168 "K5 V" 0.57 4021.0 0.56 4.68 -1.222 "" "" -4.37 "" 53.3991 11.808 10.38 "" "" 7.449 6.853 6.62 "Radial Velocity"
"HD 24085 b" "HD 24085" 0.034 0.22 "" 11.8 3.46 "" 56.2563447 -70.0245193 54.9004 "G0 V" 1.22 6034.0 1.41 4.2 0.377 "" 6.0 27.94 0.17 18.1859 8.164 7.57 "" "" 6.483 6.222 6.172 "Radial Velocity"
"HIP 71135 b" "HIP 71135" 0.335 0.21 "" 18.8 4.55 "" 218.2158073 -52.6464757 32.3311 M1 0.66 4146.0 0.68 4.54 -0.908 "" "" 71.08 "" 30.9011 11.804 10.53 "" "" 8.039 7.397 7.242 "Radial Velocity"
"HD 15337 b" "HD 15337" 0.0522 0.09 88.5 7.51 1.64 1001.0 36.8678846 -27.6361171 44.8155 "K1 V" 0.9 5125.0 0.86 4.53 -0.326 5.1 1.0 -3.8 0.15 22.2848 10.009 9.1 "" "" 7.553 7.215 7.044 Transit
"HD 15337 c" "HD 15337" 0.1268 0.05 88.5 8.11 2.39 642.0 36.8678846 -27.6361171 44.8155 "K1 V" 0.9 5125.0 0.86 4.53 -0.326 5.1 1.0 -3.8 0.15 22.2848 10.009 9.1 "" "" 7.553 7.215 7.044 Transit
"NGTS-4 b" NGTS-4 0.019 0.0 82.5 20.6 3.18 1650.0 89.5988945 -30.8117992 280.555 "" 0.75 5143.0 0.84 4.5 -0.353 "" 2.75 111.2 -0.28 3.53558 13.953 13.138 "" "" 11.584 11.139 11.073 Transit
"K2-133 e" K2-133 0.1346 "" 89.164 3.64 1.73 296.0 70.1493775 25.0098135 75.1703 "M1.5 V" 0.46 3655.0 0.46 4.77 -1.479 "" "" 107.2 "" 13.2743 15.394 14.073 13.6265 "" 11.084 10.487 10.279 Transit
"K2-32 e" K2-32 0.04951 "" "" 1.01 1.01 "" 252.426008 -19.5430504 157.682 "G9 V" 0.86 5415.0 0.85 4.49 -0.488 7.9 0.7 -1.67 -0.02 6.31369 13.267 12.304 12.03 "" 10.404 9.993 9.821 Transit
