Tutorials/Exoplane_Table
# %ECSV 0.9
# ---
# datatype:
# - {name: pl_name, datatype: object}
# - {name: hostname, datatype: object}
# - {name: pl_orbsmax, datatype: float64}
# - {name: pl_orbeccen, datatype: float64}
# - {name: pl_orbincl, datatype: float64}
# - {name: pl_bmasse, datatype: float64}
# - {name: pl_rade, datatype: float64}
# - {name: pl_eqt, datatype: float64}
# - {name: ra, datatype: float64}
# - {name: dec, datatype: float64}
# - {name: sy_dist, datatype: float64}
# - {name: st_spectype, datatype: object}
# - {name: st_mass, datatype: float64}
# - {name: st_teff, datatype: float64}
# - {name: st_rad, datatype: float64}
# - {name: st_logg, datatype: float64}
# - {name: st_lum, datatype: float64}
# - {name: st_age, datatype: float64}
# - {name: st_vsin, datatype: float64}
# - {name: st_radv, datatype: float64}
# - {name: st_met, datatype: float64}
# - {name: sy_plx, datatype: float64}
# - {name: sy_bmag, datatype: float64}
# - {name: sy_vmag, datatype: float64}
# - {name: sy_rmag, datatype: float64}
# - {name: sy_icmag, datatype: float64}
# - {name: sy_jmag, datatype: float64}
# - {name: sy_hmag, datatype: float64}
# - {name: sy_kmag, datatype: float64}
# - {name: discoverymethod, datatype: object}
# meta: !!omap
# - {isPSCOMPPARS: true}
# schema: astropy-2.0
pl_name hostname pl_orbsmax pl_orbeccen pl_orbincl pl_bmasse pl_rade pl_eqt ra dec sy_dist st_spectype st_mass st_teff st_rad st_logg st_lum st_age st_vsin st_radv st_met sy_plx sy_bmag sy_vmag sy_rmag sy_icmag sy_jmag sy_hmag sy_kmag discoverymethod
[from data line 1954]
"CoRoT-3 b" CoRoT-3 0.05783 0.0 85.9 6883.91 11.32 1695.0 292.0552827 0.1218359 768.771 "F3 V" 1.37 6740.0 1.56 4.22 0.391 2.2 17.0 -56.16 0.14 1.27472 14.118 13.448 13.099 "" 11.936 11.71 11.618 Transit
"CoRoT-4 b" CoRoT-4 0.09 0.0 90.0 228.83 13.34 1074.0 102.1946233 -0.6727861 726.412 "" 1.16 6190.0 1.17 4.41 0.185 1.0 6.4 32.3 0.05 1.34844 14.272 13.652 15.1978 "" 12.619 12.359 12.288 Transit
"CoRoT-5 b" CoRoT-5 0.04947 0.09 85.83 148.42 15.558 1438.0 101.2772396 0.8152163 882.472 "F9 V" 1.0 6100.0 1.19 4.19 0.18 6.9 1.0 "" -0.25 1.1054 14.61 14.043 13.9355 "" 12.871 12.609 12.546 Transit
"CoRoT-6 b" CoRoT-6 0.0855 0.1 89.07 940.74 13.068 1017.0 281.0725563 6.6632062 645.294 "F9 V" 1.05 6090.0 1.03 4.43 0.026 2.5 7.6 -18.24 -0.2 1.52152 14.691 13.961 "" 13.161 12.518 12.228 12.119 Transit
"CoRoT-7 b" CoRoT-7 0.017016 0.0 80.1 4.07661 1.681 1756.0 100.9561682 -1.0630076 159.906 "G9 V" 0.82 5275.0 0.83 4.5 -0.289 1.75 3.5 31.17 0.05 6.22504 12.784 11.728 11.378 "" 10.301 9.88 9.806 Transit
"Kepler-24 c" Kepler-24 0.106 0.0 78.63 508.5 2.8 915.0 290.4132621 38.3437283 1156.81 "" 1.03 5800.0 1.07 4.34 0.064 7.7 "" "" -0.24 0.836127 16.163 15.04 14.893 "" 13.763 13.445 13.372 Transit
"CoRoT-7 c" CoRoT-7 0.046 0.0 80.0 8.4 2.83 "" 100.9561682 -1.0630076 159.906 "G9 V" 0.9 5256.0 0.86 4.52 -0.289 1.75 3.5 31.17 0.06 6.22504 12.784 11.728 11.378 "" 10.301 9.88 9.806 "Radial Velocity"
"CoRoT-8 b" CoRoT-8 0.063 0.0 88.4 69.92 6.39 870.0 291.5885696 1.4262972 322.037 "K1 V" 0.88 5080.0 0.77 4.58 -0.4 3.0 2.0 -37.47 0.3 3.07662 16.005 14.792 14.27 "" 12.154 11.641 11.463 Transit
"CoRoT-9 b" CoRoT-9 0.4021 0.133 89.9 266.9772 11.949 420.0 280.7866461 6.2040783 412.98 "G3 V" 0.96 5625.0 0.96 4.54 -0.254 6.0 3.5 19.82 -0.01 2.39295 14.558 13.637 13.33 "" 12.175 11.813 11.688 Transit
"CT Cha b" "CT Cha" 440.0 "" "" 5403.0 24.66 2600.0 166.0375038 -76.4553693 190.72 K5e "" 4403.0 1.68 3.66 -0.102 0.002 13.97 "" -0.56 5.21444 13.799 12.335 "" "" 9.715 8.944 8.661 Imaging
"DP Leo b" "DP Leo" 8.19 0.39 "" 1995.88832 12.7 "" 169.3162193 17.9615717 305.684 "" 0.69 13500.0 0.01 "" -2.4 "" "" "" "" 3.27807 "" 18.6837 "" "" "" "" "" "Eclipse Timing Variations"
"eps Eri b" "eps Eri" 3.39 0.07 89.0 247.9074 14.0 "" 53.2284306 -9.4581715 3.2026 K2.0V 0.78 5136.0 0.77 4.71 -0.419 0.5 2.4 16.0 -0.13 312.219 4.616 3.71548 "" 2.785 2.228 1.88 1.776 "Radial Velocity"
"eps Tau b" "eps Tau" 1.93 0.151 "" 2415.406 12.6 "" 67.1546573 19.1802782 47.52852 "K0 III" 2.7 4901.0 13.7 2.67 1.987 "" 2.5 "" 0.15 21.04 4.54 3.523 "" "" 1.748 1.314 1.422 "Radial Velocity"
"gam 1 Leo b" "gam 1 Leo" 1.19 0.144 "" 2790.43 12.5 "" 154.993208 19.841389 39.8883 "K1 IIIb Fe-0.5" 1.23 4330.0 31.88 1.66 2.51 2.412 2.7 "" -0.469 25.07 0.011 1.99509 "" "" -0.179 -0.847 -0.806 "Radial Velocity"
"gam Cep b" "gam Cep" 2.05 0.049 "" 587.96 13.4 "" 354.8358233 77.6331009 14.1024 "K1 IV" 1.4 4888.0 4.9 3.33 1.073 5.4 1.5 "" 0.18 70.91 4.247 3.23006 "" "" 1.661 1.19 1.038 "Radial Velocity"
"GJ 1214 b" "GJ 1214" 0.01411 0.0 88.17 6.26125 2.847 547.0 258.8313991 4.9606795 14.6427 M4.5 0.15 3026.0 0.22 4.94 -2.312 3.0 2.0 -21.1 0.39 68.2653 "" 15.1 "" 11.52 9.75 9.094 8.782 Transit
"GJ 3021 b" "GJ 3021" 0.49 0.511 "" 1071.04 13.1 350.0 4.0634323 -79.8514218 17.5559 "G6 V" 0.9 5540.0 0.9 4.7 -0.18 0.37 5.5 -5.81 0.1 56.9319 7.352 6.59 "" "" 5.366 4.99 4.859 "Radial Velocity"
"GJ 317 b" "GJ 317" 1.151 0.07 45.0 794.5 13.3 "" 130.2445254 -23.452809 15.1968 "M2.5 V" 0.42 3510.0 0.43 4.8 -1.687 5.0 "" 87.8 0.36 65.7744 13.52 12.4 "" 9.37 7.934 7.321 7.028 "Radial Velocity"
"GJ 3634 b" "GJ 3634" 0.0287 0.08 59.0 8.4 2.83 "" 164.6433493 -31.1443383 20.3779 M2.5 0.45 3517.0 0.43 4.78 -1.699 5.0 1.0 5.19 "" 49.044 13.458 11.938 "" "" 8.361 7.762 7.47 "Radial Velocity"
"GJ 433 b" "GJ 433" 0.062 0.04 "" 6.043 2.33 "" 173.8619194 -32.5436302 9.06456 "M1.5 V" 0.48 3461.0 0.5 4.81 -1.699 "" "" 17.53 -0.17 110.291 11.2 9.81 "" 7.65 6.471 5.856 5.623 "Radial Velocity"
"GJ 436 b" "GJ 436" 0.0291 0.13827 86.44 22.1 4.17 686.0 175.5505363 26.7030669 9.75321 "M2.5 V" 0.47 3479.0 0.46 4.79 -1.585 6.0 0.33 9.6 0.02 102.501 12.058 10.67 10.0822 8.25 6.9 6.319 6.073 "Radial Velocity"
"GJ 649 b" "GJ 649" 1.135 0.3 "" 104.244 12.5 "" 254.5363221 25.7419719 10.3796 M1.5 0.54 3700.0 0.46 4.72 -1.365 0.44 "" 3.57 0.08 96.3141 11.164 9.7 "" 7.63 6.448 5.865 5.624 "Radial Velocity"
"GJ 667 C b" "GJ 667 C" 0.0505 0.13 "" 5.6 2.23 "" 259.7510609 -34.9977651 7.24396 "M1.5 V" 0.33 3350.0 "" 4.69 -1.863 2.0 "" 6.5 -0.55 138.017 "" 10.602 "" "" 6.848 6.322 6.036 "Radial Velocity"
"GJ 667 C c" "GJ 667 C" 0.125 0.02 "" 3.8 1.77 "" 259.7510609 -34.9977651 7.24396 "M1.5 V" 0.33 3350.0 "" 4.69 -1.863 2.0 "" 6.5 -0.55 138.017 "" 10.602 "" "" 6.848 6.322 6.036 "Radial Velocity"
"GJ 674 b" "GJ 674" 0.039 0.2 "" 11.09 3.33 "" 262.1700476 -46.8989826 4.54896 M2.5 0.35 3600.0 0.36 4.86 -1.796 0.55 1.0 "" -0.28 219.801 10.921 9.38 "" 6.969 5.711 5.154 4.855 "Radial Velocity"
"GJ 676 A b" "GJ 676 A" 1.82 0.33 45.0 2129.461 12.7 "" 262.5448903 -51.6377777 16.0272 "M0 V" 0.73 3734.0 0.69 4.62 -1.043 "" 1.6 -39.04 0.08 62.365 10.977 9.58 "" 7.76 6.711 6.082 5.825 "Radial Velocity"
"GJ 832 b" "GJ 832" 3.56 0.08 "" 216.0 14.0 "" 323.3912616 -49.0125169 4.96435 M1.5 0.45 3472.0 0.44 4.7 -1.585 9.24 "" 12.52 -0.3 201.407 10.34 8.66 "" 6.48 5.349 4.766 4.501 "Radial Velocity"
"GJ 849 b" "GJ 849" 2.35 0.04 "" 317.83 13.8 "" 332.4229938 -4.6408317 8.80058 "M3 V" 0.65 3241.0 0.53 4.8 -1.583 3.0 1.0 -15.3 0.24 113.6 11.582 10.41 "" 7.88 6.51 5.899 5.594 "Radial Velocity"
"GJ 179 b" "GJ 179" 2.41 0.21 "" 260.61 13.9 "" 73.0245495 6.4752347 12.356 "M3.5 V" 0.36 3370.0 0.38 4.83 -1.796 "" 1.5 "" 0.3 80.9036 13.552 11.963 "" 9.33 7.814 7.209 6.942 "Radial Velocity"
"GJ 581 b" "GJ 581" 0.04061 0.0 "" 15.8 4.11 "" 229.8564725 -7.7226935 6.2981 "M3 V" 0.31 3396.0 0.33 4.89 -1.885 4.3 2.1 -9.21 -0.25 158.749 11.761 10.57 "" 8.07 6.706 6.095 5.837 "Radial Velocity"
"GJ 581 c" "GJ 581" 0.0721 0.0 "" 5.5 2.21 "" 229.8564725 -7.7226935 6.2981 "M3 V" 0.31 3396.0 0.33 4.89 -1.885 4.3 2.1 -9.21 -0.25 158.749 11.761 10.57 "" 8.07 6.706 6.095 5.837 "Radial Velocity"
"GJ 581 e" "GJ 581" 0.02815 0.0 "" 1.7 1.17 "" 229.8564725 -7.7226935 6.2981 "M3 V" 0.31 3396.0 0.33 4.89 -1.885 4.3 2.1 -9.21 -0.25 158.749 11.761 10.57 "" 8.07 6.706 6.095 5.837 "Radial Velocity"
"GJ 86 b" "GJ 86" 0.11 0.04 "" 1404.8086 12.9 "" 32.6224785 -50.8209945 10.7836 K1V 0.93 5182.0 0.77 4.63 -0.39 11.3 2.37 55.23 -0.22 92.7042 6.945 6.12 "" 5.24 4.785 4.245 4.125 "Radial Velocity"
"GJ 876 b" "GJ 876" 0.208317 0.0324 59.0 723.2235 13.3 "" 343.3239737 -14.2665958 4.67517 "M4 V" 0.32 3271.0 0.3 4.87 -1.907 1.0 0.16 -1.6 0.05 213.867 11.73 10.16 9.92 7.48 5.934 5.349 5.01 "Radial Velocity"
"GJ 876 c" "GJ 876" 0.12959 0.25591 59.0 226.9846 14.0 "" 343.3239737 -14.2665958 4.67517 "M4 V" 0.32 3271.0 0.3 4.87 -1.907 1.0 0.16 -1.6 0.05 213.867 11.73 10.16 9.92 7.48 5.934 5.349 5.01 "Radial Velocity"
"GJ 876 d" "GJ 876" 0.020807 0.207 59.0 6.83 2.51 "" 343.3239737 -14.2665958 4.67517 "M4 V" 0.32 3271.0 0.3 4.87 -1.907 1.0 0.16 -1.6 0.05 213.867 11.73 10.16 9.92 7.48 5.934 5.349 5.01 "Radial Velocity"
"GJ 876 e" "GJ 876" 0.3343 0.055 59.0 14.6 3.92 "" 343.3239737 -14.2665958 4.67517 M2.5V 0.32 3271.0 0.3 4.87 -1.907 1.0 0.16 -1.6 0.05 213.867 11.73 10.16 9.92 7.48 5.934 5.349 5.01 "Radial Velocity"
"GQ Lup b" "GQ Lup" 100.0 "" "" 6356.0 33.6 2650.0 237.3003643 -35.6515055 151.169 "K7e V" 0.7 4360.0 1.94 3.65 -0.072 0.001 6.33 "" -0.35 6.58678 12.76 11.593 "" 10.8 8.605 7.702 7.096 Imaging
"GSC 06214-00210 b" "GSC 06214-00210" 320.0 "" "" 5000.0 20.176 2300.0 245.4776921 -20.7193398 108.5 K7 0.9 4200.0 0.9 4.37 -0.42 0.005 4.24 -4.59 -0.06 9.18797 13.645 12.416 11.842 "" 9.998 9.342 9.152 Imaging
"HAT-P-12 b" HAT-P-12 0.0384 0.0 89.0 67.059 10.749 963.0 209.3886452 43.49331 142.751 K4 0.73 4650.0 0.7 4.61 -0.678 2.5 0.5 -40.51 -0.29 6.97632 13.851 12.665 12.5706 "" 10.794 10.236 10.108 Transit
"HAT-P-13 b" HAT-P-13 0.04383 0.0133 83.4 270.462 14.258 1740.0 129.8823772 47.3519076 246.81 G4 1.32 5653.0 1.76 4.13 0.346 5.0 1.66 14.69 0.46 4.02313 11.147 10.421 "" "" 9.328 9.058 8.975 Transit
"HAT-P-13 c" HAT-P-13 1.258 0.6616 "" 4538.421 12.3 340.0 129.8823772 47.3519076 246.81 G4 1.32 5653.0 1.76 4.13 0.346 5.0 1.66 14.69 0.46 4.02313 11.147 10.421 "" "" 9.328 9.058 8.975 "Radial Velocity"
"HAT-P-14 b" HAT-P-14 0.0596 0.11 83.5 1093.3352 15.917 1624.0 260.1161719 38.2421682 222.663 "F5 V" 2.65 6600.0 1.82 4.25 0.644 1.6 8.18 -20.81 0.11 4.46233 10.412 9.988 "" "" 9.094 8.927 8.851 Transit
"HAT-P-15 b" HAT-P-15 0.0965 0.19 89.1 616.5902 11.882 904.0 66.248142 39.460602 192.516 G5 1.0 5568.0 1.07 4.38 0.0 6.8 2.0 31.23 0.22 5.16638 13.022 12.41 "" "" 10.194 9.752 9.641 Transit
"HAT-P-16 b" HAT-P-16 0.0413 0.036 86.6 1332.605 14.448 1626.0 9.5730343 42.4630961 226.637 F8 1.22 6158.0 1.24 4.34 0.294 2.0 3.5 -16.83 0.17 4.38591 11.38 10.911 "" "" 9.85 9.623 9.553001 Transit
"HAT-P-17 b" HAT-P-17 0.0882 0.35 89.2 184.3414 11.769 792.0 324.5359781 30.4881882 92.3831 K 0.99 5246.0 0.87 4.53 -0.289 7.8 0.3 20.13 0.0 10.796 11.331 10.375 "" "" 9.017 8.619 8.544 Transit
"Kepler-123 b" Kepler-123 0.135 0.0 89.17 55.3 2.94 817.0 296.9985853 42.7819633 1021.66 "" 1.01 6089.0 1.26 4.28 0.41 0.48 "" "" -0.03 0.950448 14.655 14.129 14.013 "" 12.982 12.725 12.655 Transit
"Kepler-769 b" Kepler-769 0.0778 0.0 89.65 8.85 2.92 1037.0 292.7130925 38.3581685 1169.57 "" 1.19 6186.0 1.28 4.3 0.179 2.88 "" "" 0.06 0.82685 15.335 14.984 14.762 "" 13.684 13.394 13.392 Transit
"HAT-P-17 c" HAT-P-17 5.6 0.39 "" 1080.6 13.1 "" 324.5359781 30.4881882 92.3831 K 0.92 5336.96 0.84 4.55 -0.289 7.8 0.3 20.13 0.051 10.796 11.331 10.375 "" "" 9.017 8.619 8.544 "Radial Velocity"
"HAT-P-18 b" HAT-P-18 0.0559 0.084 88.8 62.61 11.153 852.0 256.346376 33.0123251 161.4 K2 0.77 4803.0 0.75 4.57 -0.569 12.4 0.5 -11.92 0.1 6.16693 13.662 12.597 12.4201 "" 10.822 10.34 10.234 Transit
"HAT-P-19 b" HAT-P-19 0.0466 0.067 88.2 92.802 12.689 1010.0 9.5165832 34.7114025 202.078 K1 0.84 4990.0 0.82 4.54 -0.432 8.8 0.7 -20.22 0.23 4.91998 13.834 12.826 12.7461 "" 11.095 10.644 10.546 Transit
"HAT-P-1 b" HAT-P-1 0.05561 0.0 85.634 166.86075 14.785 1322.0 344.4453632 38.674919 158.979 "G0 V" 1.15 5980.0 1.17 4.36 0.225 3.6 2.2 -2.98 0.13 6.26153 10.9 9.827 "" 9.7 9.156 8.923 8.858 Transit
"HAT-P-20 b" HAT-P-20 0.0361 0.015 86.8 2302.899 9.718 970.0 111.9164295 24.3361185 71.0374 K3 0.76 4595.0 0.69 4.63 -0.721 6.7 2.1 -18.81 0.35 14.0483 12.539 11.231 13.1135 "" 9.276 8.743 8.601 Transit
"HAT-P-21 b" HAT-P-21 0.0494 0.23 87.2 1547.8321 12.442 1283.0 171.2749348 41.0280207 277.278 G3 1.24 5588.0 1.21 4.33 0.025 10.2 3.5 -53.19 0.01 3.57807 12.56 11.459 11.5915 "" 10.503 10.154 10.111 Transit
"HAT-P-22 b" HAT-P-22 0.0414 0.02 86.9 785.0401 12.89 1463.0 155.6814593 50.1287115 81.7647 "G5 V" 1.13 5302.0 1.11 4.36 -0.114 12.4 0.5 12.64 0.24 12.2014 10.618 9.763 "" "" 8.293 7.935 7.837 Transit
"HAT-P-23 b" HAT-P-23 0.0232 0.11 85.1 425.8922 12.218 1951.0 306.1239076 16.7621462 364.813 G0 0.58 5905.0 0.96 4.33 0.199 4.0 8.5 -14.26 0.15 2.71289 13.051 11.937 "" "" 11.103 10.846 10.791 Transit
"HAT-P-24 b" HAT-P-24 0.04651 0.07 88.6 238.3725 14.572 1637.0 108.8251171 14.2626064 415.344 F8 1.37 6373.0 1.38 4.27 0.408 2.8 10.0 -2.09 -0.16 2.37947 12.208 11.762 11.6961 "" 10.797 10.589 10.543 Transit
"HAT-P-25 b" HAT-P-25 0.0466 0.023 88.22 180.84527 12.722 1182.0 48.4354731 25.1973548 300.384 G5 1.01 5519.0 0.92 4.52 -0.152 3.2 0.5 -12.51 0.294 3.30091 14.094 13.146 "" "" 11.319 10.908 10.815 Transit
"HAT-P-26 b" HAT-P-26 0.0479 0.12 88.6 22.2481 7.062 1001.0 213.1565508 4.0594175 141.837 K1 1.12 5079.0 0.87 4.56 -0.359 9.0 1.8 14.72 -0.04 7.02213 12.326 11.757 "" "" 10.08 9.685 9.581 Transit
"HAT-P-27 b" HAT-P-27 0.04 0.0 85.0 197.05 11.43 "" 222.7673221 5.9473626 199.173 G8 0.92 5316.0 0.86 4.53 -0.269 4.4 0.4 -15.77 0.3 4.9922 13.046 12.052 "" "" 10.626 10.249 10.109 Transit
"HAT-P-28 b" HAT-P-28 0.0434 0.051 88.0 198.953 13.585 1384.0 13.0009159 34.728402 401.319 G3 1.03 5680.0 1.1 4.36 0.053 6.1 0.2 43.88 0.12 2.46327 13.825 13.098 13.1281 "" 11.561 11.206 11.104 Transit
"HAT-P-29 b" HAT-P-29 0.0667 0.09 87.1 279.6904 13.115 1271.0 33.1310921 51.7787754 313.576 F8 1.45 6087.0 1.3 4.34 0.272 2.2 3.9 -21.67 0.21 3.16099 12.301 11.825 "" "" 10.648 10.395 10.297 Transit
"HAT-P-2 b" HAT-P-2 0.06814 0.5172 86.16 2765.121 10.66 1540.0 245.1514324 41.0479601 127.774 F8 1.33 6380.0 1.39 4.16 0.53 1.44 20.8 -0.22 0.18 7.79749 9.15 8.72 "" "" 7.796 7.652 7.603 Transit
"HAT-P-30 b" HAT-P-30 0.0419 0.04 83.6 263.7989 16.141 1630.0 123.9498431 5.8368669 213.985 F7 1.55 6304.0 1.31 4.36 0.312 1.0 2.2 45.51 0.13 4.64498 10.952 10.352 "" "" 9.442 9.22 9.151 Transit
"HAT-P-31 b" HAT-P-31 0.061 0.25 87.1 721.4741 12.218 1450.0 271.5376722 26.4266061 344.05 "" 1.31 6065.0 1.39 4.26 0.433 3.17 0.5 -2.4 0.15 2.87789 12.019 11.667 "" "" 10.423 10.128 10.083 Transit
"HAT-P-32 b" HAT-P-32 0.03397 0.159 88.98 216.1244 22.194 1835.7 31.0427614 46.6878512 289.205 "" 1.13 6001.0 1.37 4.22 0.338 2.7 20.7 -23.21 -0.16 3.43046 11.794 11.439 "" "" 10.251 10.024 9.99 Transit
"HAT-P-33 b" HAT-P-33 0.04995 0.0 87.2 292.4036 20.737 1782.0 113.1842383 33.8350214 396.11 F4 1.82 6446.0 1.79 4.15 0.618 2.3 13.7 23.03 0.05 2.4966 11.666 11.032 "" "" 10.263 10.061 10.004 Transit
"HAT-P-34 b" HAT-P-34 0.06774 0.432 87.1 1058.3739 13.417 1520.0 303.1954355 18.1047776 249.325 "" 1.39 6442.0 1.53 4.21 0.6 1.7 24.0 -49.26 0.22 3.98272 10.807 10.403 "" "" 9.46 9.322 9.247 Transit
"HAT-P-35 b" HAT-P-35 0.04978 0.02 87.3 335.62848 14.93 1581.0 123.250703 4.7870288 506.965 "" 1.24 6096.0 1.44 4.21 0.383 3.5 0.5 40.95 0.11 1.94478 12.838 12.389 12.387 "" 11.358 11.072 11.03 Transit
"HAT-P-36 b" HAT-P-36 0.0241 0.063 87.13 587.41341 14.314 1780.97 188.2662048 44.9153672 294.419 "G5 V" 1.03 5620.0 1.04 4.42 0.022 6.6 3.58 -16.29 0.25 3.36776 12.967 12.146 12.168 "" 11.046 10.723 10.603 Transit
"HAT-P-37 b" HAT-P-37 0.0379 0.058 86.9 371.528 13.204 1271.0 284.2960393 51.2691212 390.594 "" 0.93 5500.0 0.88 4.51 -0.208 3.6 3.07 -20.53 0.03 2.53138 14.381 13.427 "" "" 12.092 11.714 11.667 Transit
"HAT-P-3 b" HAT-P-3 0.03866 0.0 87.24 206.5895 10.536 1189.0 206.0940142 48.028565 134.554 K 1.06 5185.0 0.87 4.56 -0.36 1.6 1.4 -23.38 0.27 7.40311 12.526 11.856 11.2937 10.504 9.936 9.542 9.448 Transit
"HAT-P-4 b" HAT-P-4 0.04438 0.0 89.91 213.255 14.28 1686.0 229.99122 36.229545 320.451 F 0.56 5860.0 1.62 4.14 0.431 3.9 5.83 -1.58 0.24 3.09194 11.831 11.118 "" "" 10.1 9.837 9.770001 Transit
"HAT-P-5 b" HAT-P-5 0.04073 0.0 86.75 311.4734 13.563 1539.0 274.4055335 36.6214617 303.336 G 1.04 5960.0 1.12 4.37 0.187 2.6 2.6 7.61 0.24 3.26786 12.923 11.954 "" "" 10.844 10.522 10.481 Transit
"HAT-P-6 b" HAT-P-6 0.05239 0.0 85.51 419.5356 16.589 1675.0 354.7740917 42.4659866 275.358 "" 1.79 6570.0 1.62 4.22 0.553 2.3 7.8 -22.7 -0.13 3.60357 10.884 10.469 "" "" 9.558 9.44 9.313 Transit
"HAT-P-8 b" HAT-P-8 0.04496 0.0 87.8 406.8224 15.693 1700.0 343.0414932 35.4471778 211.553 F6 1.27 6200.0 1.57 4.15 0.519 3.4 11.5 -22.38 0.01 4.69844 10.77 10.358 "" "" 9.214 9.004 8.953 Transit
"HAT-P-9 b" HAT-P-9 0.05287 0.084 86.44 238.05467 15.614 1540.0 110.1685157 37.1405946 455.203 F7 1.28 6350.0 1.34 4.29 0.418 1.6 11.9 22.67 0.12 2.1687 12.346 12.344 12.2061 "" 11.274 11.043 11.015 Transit
"HD 100655 b" "HD 100655" 0.68 0.09 "" 511.7063 13.5 "" 173.7653631 20.441541 137.178 "G9 III" 2.28 4891.0 10.06 2.79 1.633 1.309 1.6 -4.85 0.07 7.2613 7.469 6.4421 "" "" 5.039 4.47 4.129 "Radial Velocity"
"Kepler-765 b" Kepler-765 0.1754 0.0 89.99 6.48 2.43 641.0 283.1846044 47.1557114 1076.28 "" 1.05 5901.0 1.06 4.41 0.146 3.72 "" "" 0.04 0.900302 15.616 14.709 14.571 "" 13.487 13.168 13.175 Transit
