Tutorials/Exoplane_Table
# %ECSV 0.9
# ---
# datatype:
# - {name: pl_name, datatype: object}
# - {name: hostname, datatype: object}
# - {name: pl_orbsmax, datatype: float64}
# - {name: pl_orbeccen, datatype: float64}
# - {name: pl_orbincl, datatype: float64}
# - {name: pl_bmasse, datatype: float64}
# - {name: pl_rade, datatype: float64}
# - {name: pl_eqt, datatype: float64}
# - {name: ra, datatype: float64}
# - {name: dec, datatype: float64}
# - {name: sy_dist, datatype: float64}
# - {name: st_spectype, datatype: object}
# - {name: st_mass, datatype: float64}
# - {name: st_teff, datatype: float64}
# - {name: st_rad, datatype: float64}
# - {name: st_logg, datatype: float64}
# - {name: st_lum, datatype: float64}
# - {name: st_age, datatype: float64}
# - {name: st_vsin, datatype: float64}
# - {name: st_radv, datatype: float64}
# - {name: st_met, datatype: float64}
# - {name: sy_plx, datatype: float64}
# - {name: sy_bmag, datatype: float64}
# - {name: sy_vmag, datatype: float64}
# - {name: sy_rmag, datatype: float64}
# - {name: sy_icmag, datatype: float64}
# - {name: sy_jmag, datatype: float64}
# - {name: sy_hmag, datatype: float64}
# - {name: sy_kmag, datatype: float64}
# - {name: discoverymethod, datatype: object}
# meta: !!omap
# - {isPSCOMPPARS: true}
# schema: astropy-2.0
pl_name hostname pl_orbsmax pl_orbeccen pl_orbincl pl_bmasse pl_rade pl_eqt ra dec sy_dist st_spectype st_mass st_teff st_rad st_logg st_lum st_age st_vsin st_radv st_met sy_plx sy_bmag sy_vmag sy_rmag sy_icmag sy_jmag sy_hmag sy_kmag discoverymethod
[from data line 486]
"Kepler-297 b" Kepler-297 0.217 0.0 89.97 48.5 2.87 509.0 283.2091605 48.7776156 692.14 "" 0.98 5619.0 0.92 4.47 -0.096 1.9 "" "" -0.1 1.41601 15.572 14.326 14.158 "" 13.122 12.785 12.78 Transit
"TOI-1235 b" TOI-1235 0.03845 0.15 88.1 6.91 1.738 754.0 152.2182549 69.2766204 39.6345 "" 0.64 3872.0 0.63 4.65 -1.097 "" 2.6 -27.75 0.05 25.2016 13.291 11.495 11.0518 "" 8.711 8.074 7.893 Transit
"HD 81817 b" "HD 81817" 3.3 0.17 "" 8613.193 11.9 "" 144.2715659 81.3263096 269.126 "K3 III" 4.3 4140.0 83.8 1.3 3.261 0.15 4.7 "" -0.17 3.71783 5.737 4.26489 "" "" 1.698 0.89 0.779 "Radial Velocity"
"TOI-1338 b" TOI-1338 0.4607 0.088 89.37 33.0 6.85 724.222781 92.1330955 -59.5409853 399.017 "" 1.13 6050.0 1.33 4.0 0.329 4.4 3.6 24.68 0.01 2.47735 12.367 11.722 "" "" 10.95 10.695 10.635 Transit
"OGLE-2018-BLG-0677L b" OGLE-2018-BLG-0677L 0.63 "" "" 3.96 1.82 "" 268.751125 -32.0165306 7580.0 "" 0.12 "" "" "" "" "" "" "" "" "" "" "" "" "" "" "" "" Microlensing
"OGLE-2015-BLG-1771L b" OGLE-2015-BLG-1771L 0.85 "" "" 138.0 14.3 "" 268.799 -28.86275 7070.0 "" 0.08 "" "" "" "" "" "" "" "" "" "" "" "" "" "" "" "" Microlensing
"OGLE-2018-BLG-1700L b" OGLE-2018-BLG-1700L 2.8 "" "" 1400.0 12.9 "" 269.956042 -28.5286389 7600.0 "" 0.42 "" "" "" "" "" "" "" "" "" "" "" "" 23.8 "" "" "" Microlensing
"KMT-2018-BLG-0029L b" KMT-2018-BLG-0029L 4.27 "" "" 7.59 2.67 "" 264.469458 -27.9847 3380.0 "" 1.14 "" "" "" "" "" "" "" "" "" "" "" "" "" "" "" "" Microlensing
"KMT-2018-BLG-1292L b" KMT-2018-BLG-1292L 6.03 "" "" 1400.0 12.9 "" 263.427583 -33.5206694 3460.0 "" 1.09 "" "" "" "" "" "" "" "" "" "" "" "" "" "" "" "" Microlensing
"OGLE-2012-BLG-0838L b" OGLE-2012-BLG-0838L 4.43 "" "" 53.1 8.39 "" 273.003083 -25.7116111 6320.0 "" 0.4 "" "" "" "" "" "" "" "" "" "" "" "" "" "" "" "" Microlensing
"AU Mic b" "AU Mic" 0.066 0.1 "" 57.2094 4.203 "" 311.2911369 -31.34245 9.7221 M1VE 0.5 3700.0 0.75 4.57 -1.046 0.022 8.7 -6.31 "" 102.829 10.209 8.81 "" 6.59 5.436 4.831 4.529 Transit
"Kepler-843 b" Kepler-843 0.0313 0.0 87.74 7.22 2.59 1523.0 296.3219786 48.9714373 1165.66 "" 1.02 5830.0 1.03 4.42 -0.047 4.17 "" "" 0.05 0.830221 15.895 15.354 15.212 "" 14.088 13.761 13.709 Transit
"GJ 338 B b" "GJ 338 B" 0.141 0.11 "" 10.27 3.19 391.0 138.5916722 52.6835211 6.33256 "M0.0 V" 0.64 4005.0 0.58 4.68 -1.101 4.0 2.3 11.8 -0.03 157.885 9.117 7.7 "" "" 4.779 4.043 4.136 "Radial Velocity"
"OGLE-2017-BLG-0406L b" OGLE-2017-BLG-0406L 3.5 "" "" 130.0 14.2 "" 268.999667 -29.8631389 5200.0 "" 0.56 "" "" "" "" "" "" "" "" "" "" 26.1 "" 22.7 "" 19.6 "" Microlensing
"Kepler-160 d" Kepler-160 0.17 "" 86.9 100.0 "" "" 287.773573 42.8692755 937.013 "" 0.97 5471.0 1.12 4.47 0.004 1.6 "" "" 0.14 1.03851 15.406 14.816 14.587 "" 13.46 13.101 13.052 "Transit Timing Variations"
"WASP-148 b" WASP-148 0.0845 0.22 89.8 92.48853 8.093 940.0 254.1305022 44.3025361 246.353 G 1.0 5460.0 1.03 4.4 -0.156 "" 3.0 -5.62 0.11 4.03046 13.3 12.036 12.028 "" 10.938 10.585 10.506 Transit
"WASP-148 c" WASP-148 0.2101 0.359 "" 127.132 14.0 590.0 254.1305022 44.3025361 246.353 G 1.0 5460.0 1.03 4.4 -0.156 "" 3.0 -5.62 0.11 4.03046 13.3 12.036 12.028 "" 10.938 10.585 10.506 "Radial Velocity"
"TOI-1728 b" TOI-1728 0.0391 0.057 88.31 26.78 5.05 767.0 120.6116787 64.7971531 60.798 M0 0.65 3980.0 0.62 4.66 -1.056 7.1 2.0 -43.22 0.25 16.4191 13.688 12.39 11.788 "" 9.642 8.953 8.803001 Transit
"NGTS-11 b" NGTS-11 0.201 0.13 89.16 109.33352 9.158 435.0 23.5214497 -14.4191493 190.422 K 0.86 5050.0 0.83 4.5 -0.395 3.9 1.1 21.41 0.22 5.22313 13.308 12.456 12.127 "" 10.855 10.401 10.315 Transit
"GJ 887 b" "GJ 887" 0.068 0.0 "" 4.2 1.88 468.0 346.4668274 -35.8530693 3.29 "M1 V" 0.49 3688.0 0.47 4.78 -1.434 2.88 2.5 8.17 -0.06 303.9 8.83 7.35 "" 5.32 "" "" 3.465 "Radial Velocity"
"GJ 887 c" "GJ 887" 0.12 "" "" 7.6 2.67 352.0 346.4668274 -35.8530693 3.29 "M1 V" 0.49 3688.0 0.47 4.78 -1.434 2.88 2.5 8.17 -0.06 303.9 8.83 7.35 "" 5.32 "" "" 3.465 "Radial Velocity"
"TOI-849 b" TOI-849 0.01598 0.0 86.8 39.09 3.444 1932.0 28.7157956 -29.4217086 225.734 G 0.93 5373.8 0.92 4.48 -0.218 6.7 "" 9.35 0.19 4.40128 12.842 11.981 "" "" 10.832 10.481 10.418 Transit
"Kepler-842 b" Kepler-842 0.0204 0.0 89.37 3.19 1.6 1252.0 292.3285976 49.6535171 532.726 "" 0.78 4848.0 0.73 4.6 -0.612 4.37 "" "" -0.02 1.84875 16.358 15.363 15.059 "" 13.538 12.997 12.913 Transit
"Wendelstein-1 b" Wendelstein-1 0.0282 0.012 86.12 188.15536 11.561 2198.0 299.0506412 17.5699627 305.3 "K7 V" 0.65 4251.0 0.61 4.55 -0.938 "" "" "" "" 3.24702 17.157 15.564 15.093 "" 12.971 12.331 12.198 Transit
"Wendelstein-2 b" Wendelstein-2 0.0234 0.057 87.87 232.33373 12.993 2470.0 297.7909214 16.9125679 565.541 "K6 V" 0.73 4591.0 0.66 4.53 -0.834 "" "" "" "" 1.74094 18.259 16.186 15.87 "" 14.062 13.437 13.332 Transit
"HD 95338 b" "HD 95338" 0.262 0.197 89.57 42.44 3.89 385.0 164.8563364 -56.6235564 36.9941 "K0.5 V" 0.83 5212.0 0.87 4.54 -0.31 5.08 1.23 96.58 0.04 27.0025 9.499 8.62 "" "" 7.099 6.729 6.591 "Radial Velocity"
"HD 191939 b" "HD 191939" 0.0814 "" 88.18 11.6 3.42 812.0 302.0256247 66.8503014 53.6089 "G8 V" 0.92 5427.0 0.95 4.4 -0.161 7.0 0.6 -9.52 -0.16 18.6247 9.72 8.97 "" "" 7.597 7.215 7.18 Transit
"HD 191939 c" "HD 191939" 0.1762 "" 89.124 10.5 3.23 552.0 302.0256247 66.8503014 53.6089 "G8 V" 0.92 5427.0 0.95 4.4 -0.161 7.0 0.6 -9.52 -0.16 18.6247 9.72 8.97 "" "" 7.597 7.215 7.18 Transit
"HD 191939 d" "HD 191939" 0.215 "" 89.49 10.1 3.16 499.0 302.0256247 66.8503014 53.6089 "G8 V" 0.92 5427.0 0.95 4.4 -0.161 7.0 0.6 -9.52 -0.16 18.6247 9.72 8.97 "" "" 7.597 7.215 7.18 Transit
"TOI-700 b" TOI-700 0.0677 0.081 89.66 1.11 1.037 417.0 97.0957165 -65.5786149 31.1265 "M2 V" 0.42 3461.0 0.42 4.8 -1.635 1.5 "" -4.4 -0.07 32.098 14.55 13.151 12.487 10.73 9.469 8.893 8.634 Transit
"TOI-700 c" TOI-700 0.0929 0.078 88.868 7.51 2.65 356.0 97.0957165 -65.5786149 31.1265 "M2 V" 0.42 3461.0 0.42 4.8 -1.635 1.5 "" -4.4 -0.07 32.098 14.55 13.151 12.487 10.73 9.469 8.893 8.634 Transit
"TOI-700 d" TOI-700 0.1633 0.111 89.79 1.57 1.144 268.8 97.0957165 -65.5786149 31.1265 "M2 V" 0.42 3461.0 0.42 4.8 -1.635 1.5 "" -4.4 -0.07 32.098 14.55 13.151 12.487 10.73 9.469 8.893 8.634 Transit
"TYC 8998-760-1 c" "TYC 8998-760-1" 320.0 "" "" 1906.98 12.33 1240.0 201.3001096 -64.9391566 94.6177 "K3 IV" 1.0 4573.0 0.95 4.29 -0.367 0.017 "" 12.84 "" 10.54 11.958 11.124 "" "" 9.072 8.562 8.392 Imaging
"Kepler-841 b" Kepler-841 0.479 0.0 90.0 23.8 5.23 416.0 284.2513637 48.8095962 998.961 "" 0.85 5324.0 0.81 4.56 -0.362 4.47 "" "" -0.09 0.973052 17.104 15.791 15.699 "" 14.464 14.04 13.928 Transit
"BD-11 4672 c" "BD-11 4672" 0.3 0.4 "" 15.37 4.04 "" 278.3688659 -11.6370481 27.1665 K7V 0.65 4550.0 0.64 4.64 -0.804 7.4 1.0 -87.3 -0.35 36.7812 11.243 10.03 "" 8.558 7.651 7.031 6.867 "Radial Velocity"
"HIP 67522 b" "HIP 67522" "" 0.059 89.34 72.4 10.07 1174.0 207.526001 -40.8358961 127.28 "G1 V" 1.22 5675.0 1.38 4.2 0.243 0.017 54.2 7.41 0.0 7.8288 10.571 9.79 "" "" 8.587 8.287 8.164 Transit
"TOI-1899 b" TOI-1899 0.1587 0.118 89.77 209.7678 12.89 362.0 299.4268472 40.1433462 128.438 M0 0.63 3841.0 0.61 4.67 -1.057 7.4 2.0 -28.95 0.31 7.75689 15.898 14.88 13.728 "" 11.342 10.666 10.509 Transit
"HIP 65 A b" "HIP 65 A" 0.01782 0.0 77.18 1021.18779 22.754 1411.0 0.1856063 -54.8308228 61.7856 "K4 V" 0.78 4590.0 0.72 4.61 -0.678 4.1 2.5 21.04 0.18 16.156 12.099 11.0 "" "" 8.922 8.4 8.29 Transit
"TOI-157 b" TOI-157 0.03138 0.0 82.01 375.0394 14.415 1588.0 73.7014398 -76.6806061 355.683 "G9 IV" 0.95 5404.0 1.17 4.28 0.02 12.82 2.5 -6.11 0.24 2.78274 13.45 12.725 "" "" 11.371 10.99 10.892 Transit
"TOI-169 b" TOI-169 0.03524 0.0 80.98 251.40353 12.173 1715.0 16.7786879 -75.1989452 407.84 "G1 V" 1.15 5880.0 1.29 4.28 0.253 4.7 2.5 43.4 0.24 2.42328 13.057 12.355 "" "" 11.181 10.896 10.815 Transit
"K2-315 b" K2-315 "" "" 88.74 0.809 0.95 460.0 228.0210932 -20.1081634 56.9686 "M(3.5+/-0.5) V" 0.17 3300.0 0.2 5.09 -2.387 1.0 5.0 6.25 -0.24 17.5252 18.656 17.67 "" "" 12.665 12.134 11.838 Transit
"HATS-37 A b" "HATS-37 A" 0.04913 0.0 89.33 31.46517 6.793 1085.0 199.80183 -22.9868431 211.896 "" 0.84 5326.0 0.88 4.48 -0.256 11.46 3.98 6.42 0.051 4.69166 13.222 12.341 11.906 "" 10.528 10.038 9.947 Transit
"HATS-38 b" HATS-38 0.05036 0.0 87.21 23.51942 6.882 1294.0 154.2710615 -25.2762982 343.525 "" 0.89 5732.0 1.1 4.3 0.072 11.89 3.1 4.14 -0.102 2.88283 12.761 11.967 12.22 "" 11.184 10.85 10.768 Transit
"HD 86226 c" "HD 86226" 0.049 0.075 86.45 7.25 2.16 1311.0 149.1235154 -24.0991859 45.683 "G1 V" 1.02 5863.0 1.05 4.4 0.072 4.6 2.4 19.74 0.018 21.8612 8.432 7.93 "" "" 6.839 6.577 6.463 Transit
"Kepler-296 c" Kepler-296 0.0521 0.33 89.94 4.66 2.0 606.0 286.5400278 49.4372614 167.0 "M2 V" 0.5 3740.0 0.48 4.77 -1.509 13.9 "" "" -0.08 "" 18.589 16.363 16.09 "" 13.391 12.807 12.6 Transit
"GJ 2056 b" "GJ 2056" 0.283 0.72 "" 16.2 4.17 "" 108.0194945 -24.8921008 28.4434 M0V: 0.62 4069.95 0.71 4.48 -0.905 "" "" 41.62 "" 35.1286 11.702 10.37 "" "" 7.704 7.065 6.89 "Radial Velocity"
"GJ 480 b" "GJ 480" 0.068 0.1 "" 13.2 3.69 "" 189.7134226 11.6950708 14.2358 "M3.5 Ve" 0.45 3381.0 0.46 4.78 -1.612 "" "" "" "" 70.2164 12.97 11.49 11.0061 8.982 7.581 6.939 6.691 "Radial Velocity"
"GJ 687 c" "GJ 687" 1.165 0.4 "" 16.0 4.14 "" 264.1041731 68.3336741 4.54939 M3.0V 0.4 3413.0 0.42 4.82 -1.672 "" "" -28.8 0.15 219.781 10.617 9.15 "" 6.67 5.335 4.766 4.548 "Radial Velocity"
"GJ 9066 b" "GJ 9066" 0.403 0.18 "" 30.9 6.1 "" 30.0588307 13.0443172 4.471 "M4.5 V" 0.15 3305.0 0.18 5.1 -2.566 "" "" "" "" 223.635 14.08 12.71 "" 9.15 7.514 6.97 6.648 "Radial Velocity"
"GJ 9066 c" "GJ 9066" 0.87 0.33 "" 71.6 10.0 "" 30.0588307 13.0443172 4.471 "M4.5 V" 0.15 3305.0 0.18 5.1 -2.566 "" "" "" "" 223.635 14.08 12.71 "" 9.15 7.514 6.97 6.648 "Radial Velocity"
"HIP 107772 b" "HIP 107772" 0.243 0.18 "" 12.9 3.64 "" 327.4977057 -41.2440371 23.6434 "M0 V" 0.63 4006.0 0.51 4.73 -1.163 "" "" -10.03 "" 42.2662 11.871 10.56 "" "" 7.936 7.303 7.139 "Radial Velocity"
"HIP 38594 b" "HIP 38594" 0.256 0.17 "" 8.1 2.77 "" 118.5439118 -25.3023073 17.7886 M0 0.61 4086.3 0.63 4.63 -1.062 "" "" 62.88 "" 56.1868 11.111 9.75 "" 8.06 7.021 6.372 6.169 "Radial Velocity"
"HIP 38594 c" "HIP 38594" 3.805 0.16 "" 48.4 7.94 "" 118.5439118 -25.3023073 17.7886 M0 0.61 4086.3 0.63 4.63 -1.062 "" "" 62.88 "" 56.1868 11.111 9.75 "" 8.06 7.021 6.372 6.169 "Radial Velocity"
"HIP 4845 b" "HIP 4845" 0.176 0.25 "" 14.4 3.89 "" 15.5881733 -10.4246208 21.0974 K7V 0.62 4010.0 0.6 4.62 -1.034 "" "" "" "" 47.3703 11.375 10.06 9.51217 "" 7.417 6.718 6.533 "Radial Velocity"
"HIP 48714 b" "HIP 48714" 0.112 0.5 "" 22.9 5.11 "" 149.0332672 62.7859505 10.5298 "M0.5 Ve" 0.58 4015.5 0.6 4.66 -1.156 "" "" 14.99 "" 94.9397 10.389 8.99 "" 7.11 6.03 5.369 5.2 "Radial Velocity"
"2MASS J01033563-5515561 AB b" "2MASS J01033563-5515561 A" 84.0 "" "" 4131.79 12.3 "" 15.8992489 -55.2658291 47.2 M5.5/M6 0.19 "" "" "" "" 0.03 "" "" "" "" 16.993 15.788 "" "" 10.162 9.58 9.237001 Imaging
"KMT-2019-BLG-1339L b" KMT-2019-BLG-1339L 2.15 "" "" 397.0 13.7 "" 265.743417 -25.5739167 6120.0 "" 0.48 "" "" "" "" "" "" "" "" "" "" "" "" "" "" "" "" Microlensing
"KMT-2019-BLG-1953L b" KMT-2019-BLG-1953L "" "" "" 200.0 14.1 "" 269.11625 -28.2011111 7040.0 "" 0.31 "" "" "" "" "" "" "" "" "" "" "" "" "" "" "" "" Microlensing
"K2-316 b" K2-316 0.0147 "" 87.02 2.33 1.33 841.0 233.6247336 -23.2594663 112.486 "" 0.41 3436.0 0.38 4.89 -1.83 "" "" "" "" 8.86222 18.545 17.14 "" "" 12.717 12.144 11.911 Transit
"K2-316 c" K2-316 0.0582 "" 89.31 4.01 1.83 423.0 233.6247336 -23.2594663 112.486 "" 0.41 3436.0 0.38 4.89 -1.83 "" "" "" "" 8.86222 18.545 17.14 "" "" 12.717 12.144 11.911 Transit
"K2-317 b" K2-317 0.0542 "" 89.22 8.91 2.93 432.0 228.6188638 -21.0227209 176.291 "" 0.4 3387.0 0.38 4.89 -1.871 "" "" "" "" 5.64718 19.308 17.74 "" "" 13.928 13.293 12.99 Transit
"K2-318 b" K2-318 0.0911 "" 89.38 3.39 1.66 456.0 232.4461375 -17.557463 147.866 "" 0.56 3851.0 0.55 4.7 -1.277 "" "" "" "" 6.73446 16.667 15.8 14.652 "" 12.042 11.341 11.152 Transit
"K2-319 b" K2-319 0.1516 "" 89.45 8.2 2.79 641.0 166.8010058 3.0399357 209.071 "" 0.95 5440.0 0.9 4.51 -0.237 "" "" 8.64 "" 4.75461 12.993 12.213 11.9577 "" 10.705 10.313 10.223 Transit
"K2-320 b" K2-320 0.0142 "" 87.84 7.37 2.62 698.0 163.2519122 5.3064776 108.74 "" 0.12 3157.0 0.3 4.55 -2.125 "" "" "" "" 9.16867 19.667 17.81 17.0851 "" 13.411 12.823 12.508 Transit
"K2-321 b" K2-321 0.041 "" 88.94 4.46 1.95 701.0 156.4054989 2.5138829 77.6888 "" 0.6 3855.0 0.58 4.68 -1.254 "" "" -43.9 "" 12.8433 15.127 13.677 13.2803 "" 10.462 9.796 9.567 Transit
"K2-322 b" K2-322 0.0594 "" 88.15 4.35 1.92 635.0 156.6226981 4.7640203 123.415 "" 0.63 4141.0 0.6 4.68 -1.039 "" "" 4.18 "" 8.07382 15.317 13.963 14.7843 "" 11.194 10.569 10.413 Transit
"K2-323 b" K2-323 0.1275 "" 89.88 5.06 2.1 318.0 159.4209874 6.2858689 118.318 "" 0.48 3710.0 0.55 4.63 -1.339 "" "" "" "" 8.42309 16.438 14.935 14.352 "" 11.648 11.002 10.789 Transit
"K2-324 b" K2-324 0.0331 "" 88.33 6.48 2.43 707.0 157.6222171 6.8636732 136.667 "" 0.52 3752.0 0.51 4.74 -1.333 "" "" "" "" 7.28967 16.783 15.223 14.7297 "" 12.092 11.457 11.237 Transit
"K2-325 b" K2-325 0.0419 "" 89.37 5.48 2.2 423.0 353.9169507 -7.6867213 111.638 "" 0.27 3287.0 0.3 4.84 -2.048 "" "" "" "" 8.92982 19.365 17.77 16.9 "" 13.177 12.595 12.352 Transit
"K2-326 b" K2-326 0.0198 "" 85.63 5.82 2.28 1114.0 351.612262 1.3375909 282.308 "" 0.51 3924.0 0.69 4.46 -0.978 "" "" "" "" 3.5139 17.025 15.982 14.781 "" 12.977 12.231 12.091 Transit
"WD 1856+534 b" "WD 1856+534" 0.0204 0.0 88.778 4386.054 10.4 163.0 284.415675 53.5090244 24.7359 "" 0.52 4710.0 0.01 7.92 -4.12 7.93 "" "" "" 40.3983 "" 17.244 16.9085 "" 15.677 15.429 15.548 Transit
"LTT 9779 b" "LTT 9779" 0.01679 0.0 76.39 29.32 4.72 1978.0 358.6688767 -37.6282237 80.4373 "G7 V" 0.77 5443.0 0.95 4.35 -0.149 1.9 1.06 -10.63 0.27 12.4034 10.584 9.79 "" "" 8.446 8.153 8.016 Transit
"HD 63433 b" "HD 63433" 0.0719 0.0 89.38 5.27 2.15 885.898044 117.4793699 27.3631342 22.4035 G5IV 0.99 5640.0 0.91 4.53 -0.123 0.414 7.28 -15.81 0.017 44.607 7.594 6.92035 "" "" 5.624 5.359 5.258 Transit
"HD 63433 c" "HD 63433" 0.1458 0.0 89.147 7.61 2.67 621.909976 117.4793699 27.3631342 22.4035 G5IV 0.99 5640.0 0.91 4.53 -0.123 0.414 7.28 -15.81 0.017 44.607 7.594 6.92035 "" "" 5.624 5.359 5.258 Transit
"TOI-763 b" TOI-763 0.06 0.04 "" 9.79 2.28 1038.0 194.468098 -39.7580613 95.1274 G 0.92 5450.0 0.9 4.45 -0.154 "" 1.7 -13.68 0.01 10.4837 10.855 10.265 "" "" 8.858 8.554 8.49 Transit
"Kepler-77 b" Kepler-77 0.04501 0.0 88.0 136.661 10.761 1440.0 289.6079433 44.3454347 639.411 "G5 V" 0.95 5520.0 0.99 4.42 -0.046 7.5 1.5 -24.76 0.2 1.53518 15.028 14.152 13.871 "" 12.758 12.444 12.361 Transit
"TOI-763 c" TOI-763 0.1011 0.04 "" 9.32 2.63 800.0 194.468098 -39.7580613 95.1274 G 0.92 5450.0 0.9 4.45 -0.154 "" 1.7 -13.68 0.01 10.4837 10.855 10.265 "" "" 8.858 8.554 8.49 Transit
"HATS-71 b" HATS-71 0.03745 0.0 88.82 117.5971 11.478 586.8 15.5518893 -61.7561333 140.225 "M3 V" 0.49 3405.0 0.48 4.77 -1.56 3.2 "" "" 0.17 7.10286 17.217 16.437 15.81 "" 12.605 11.972 11.727 Transit
"TOI-824 b" TOI-824 0.02177 "" 83.65 18.467 2.926 1253.0 222.1654705 -57.5888666 63.9262 "K4 V" 0.71 4600.0 0.7 4.61 -0.71 7.5 2.165 29.33 -0.092 15.6142 12.101 11.314 10.717 "" 9.145001 8.557 8.432 Transit
"OGLE-2018-BLG-1269L b" OGLE-2018-BLG-1269L 4.51 "" "" 210.0 14.1 "" 269.693417 -27.6179444 2510.0 "" 1.11 "" "" "" "" "" "" "" "" "" "" "" "" 17.4 "" "" "" Microlensing
"KMT-2018-BLG-0748L b" KMT-2018-BLG-0748L 0.62 "" "" 60.0 9.01 "" 267.8745 -30.6463889 7300.0 "" 0.09 "" "" "" "" "" "" "" "" "" "" "" "" "" "" "" "" Microlensing
"KMT-2019-BLG-0842L b" KMT-2019-BLG-0842L 3.31 "" "" 10.28 3.19 "" 268.458458 -29.8774389 3320.0 "" 0.76 "" "" "" "" "" "" "" "" "" "" "" "" "" "" "" "" Microlensing
"TOI-540 b" TOI-540 0.01223 0.0 86.8 0.674 0.903 611.0 76.3096949 -47.9375391 14.0022 "M V" 0.16 3216.0 0.19 4.44 -2.461 1.1 13.5 "" "" 71.3886 15.96 14.823 "" 11.402 9.755 9.17 8.9 Transit
